-2.846226415094339309e-06
-2.786792452830188727e-06
-2.483018867924528126e-06
-2.483018867924528126e-06
-2.423584905660377543e-06
-2.423584905660377120e-06
-2.119811320754716942e-06
-2.119811320754716942e-06
-2.119811320754716519e-06
-2.060377358490565937e-06
-2.060377358490565937e-06
-1.816037735849056341e-06
-1.756603773584905759e-06
-1.756603773584905759e-06
-1.756603773584905547e-06
-1.756603773584905547e-06
-1.756603773584905335e-06
-1.697169811320754753e-06
-1.697169811320754541e-06
-1.452830188679245157e-06
-1.452830188679244946e-06
-1.393396226415094363e-06
-1.393396226415094363e-06
-1.393396226415094363e-06
-1.393396226415094152e-06
-1.393396226415094152e-06
-1.393396226415094152e-06
-1.333962264150943146e-06
-1.089622641509433974e-06
-1.089622641509433974e-06
-1.089622641509433762e-06
-1.089622641509433762e-06
-1.030188679245283180e-06
-1.030188679245282968e-06
-1.030188679245282968e-06
-1.030188679245282968e-06
-1.030188679245282968e-06
-1.030188679245282756e-06
-7.264150943396226846e-07
-7.264150943396225787e-07
-7.264150943396225787e-07
-7.264150943396225787e-07
-7.264150943396225787e-07
-7.264150943396223669e-07
-6.669811320754717848e-07
-6.669811320754717848e-07
-6.669811320754716789e-07
-6.669811320754715730e-07
-6.669811320754715730e-07
-4.226415094339621891e-07
-3.632075471698116070e-07
-3.632075471698113952e-07
-3.632075471698113952e-07
-3.632075471698113952e-07
-3.632075471698112893e-07
-3.632075471698112893e-07
-3.632075471698111835e-07
-3.632075471698111835e-07
-3.632075471698111835e-07
-3.037735849056606013e-07
-3.037735849056603896e-07
-3.037735849056603896e-07
-3.037735849056601778e-07
-5.943396226415100563e-08
-5.943396226415100563e-08
-5.943396226415058212e-08
0.000000000000000000e+00
0.000000000000000000e+00
0.000000000000000000e+00
0.000000000000000000e+00
0.000000000000000000e+00
0.000000000000000000e+00
0.000000000000000000e+00
0.000000000000000000e+00
0.000000000000000000e+00
0.000000000000000000e+00
0.000000000000000000e+00
0.000000000000000000e+00
5.943396226415058212e-08
5.943396226415100563e-08
5.943396226415100563e-08
3.037735849056601778e-07
3.037735849056603896e-07
3.037735849056603896e-07
3.037735849056606013e-07
3.632075471698111835e-07
3.632075471698111835e-07
3.632075471698111835e-07
3.632075471698112893e-07
3.632075471698112893e-07
3.632075471698113952e-07
3.632075471698113952e-07
3.632075471698113952e-07
3.632075471698116070e-07
4.226415094339621891e-07
6.669811320754715730e-07
6.669811320754715730e-07
6.669811320754716789e-07
6.669811320754717848e-07
6.669811320754717848e-07
7.264150943396223669e-07
7.264150943396225787e-07
7.264150943396225787e-07
7.264150943396225787e-07
7.264150943396225787e-07
7.264150943396226846e-07
1.030188679245282756e-06
1.030188679245282968e-06
1.030188679245282968e-06
1.030188679245282968e-06
1.030188679245282968e-06
1.030188679245283180e-06
1.089622641509433762e-06
1.089622641509433762e-06
1.089622641509433974e-06
1.089622641509433974e-06
1.333962264150943146e-06
1.393396226415094152e-06
1.393396226415094152e-06
1.393396226415094152e-06
1.393396226415094363e-06
1.393396226415094363e-06
1.393396226415094363e-06
1.452830188679244946e-06
1.452830188679245157e-06
1.697169811320754541e-06
1.697169811320754753e-06
1.756603773584905335e-06
1.756603773584905547e-06
1.756603773584905547e-06
1.756603773584905759e-06
1.756603773584905759e-06
1.816037735849056341e-06
2.060377358490565937e-06
2.060377358490565937e-06
2.119811320754716519e-06
2.119811320754716942e-06
2.119811320754716942e-06
2.423584905660377120e-06
2.423584905660377543e-06
2.483018867924528126e-06
2.483018867924528126e-06
2.786792452830188727e-06
2.846226415094339309e-06
