-3.090566037735848905e-06
-3.031132075471697899e-06
-2.971698113207546893e-06
-2.905660377358490315e-06
-2.846226415094339309e-06
-2.846226415094339309e-06
-2.846226415094339309e-06
-2.786792452830188727e-06
-2.786792452830188727e-06
-2.786792452830188303e-06
-2.786792452830188303e-06
-2.727358490566037721e-06
-2.727358490566037721e-06
-2.727358490566037721e-06
-2.727358490566037298e-06
-2.667924528301886716e-06
-2.667924528301886716e-06
-2.667924528301886716e-06
-2.661320754716980719e-06
-2.608490566037735710e-06
-2.601886792452830137e-06
-2.601886792452829713e-06
-2.542452830188679131e-06
-2.542452830188679131e-06
-2.542452830188679131e-06
-2.542452830188679131e-06
-2.483018867924528549e-06
-2.483018867924528126e-06
-2.483018867924528126e-06
-2.483018867924528126e-06
-2.483018867924528126e-06
-2.483018867924528126e-06
-2.483018867924528126e-06
-2.423584905660377543e-06
-2.423584905660377543e-06
-2.423584905660377120e-06
-2.423584905660377120e-06
-2.423584905660377120e-06
-2.423584905660377120e-06
-2.423584905660377120e-06
-2.364150943396226538e-06
-2.364150943396226538e-06
-2.364150943396226538e-06
-2.364150943396226114e-06
-2.364150943396226114e-06
-2.364150943396226114e-06
-2.304716981132075532e-06
-2.304716981132075109e-06
-2.304716981132075109e-06
-2.304716981132075109e-06
-2.298113207547169536e-06
-2.298113207547169536e-06
-2.245283018867924103e-06
-2.238679245283018953e-06
-2.238679245283018530e-06
-2.238679245283018530e-06
-2.238679245283018530e-06
-2.179245283018867948e-06
-2.179245283018867948e-06
-2.179245283018867948e-06
-2.179245283018867948e-06
-2.179245283018867948e-06
-2.179245283018867524e-06
-2.179245283018867524e-06
-2.119811320754716942e-06
-2.119811320754716942e-06
-2.119811320754716942e-06
-2.119811320754716942e-06
-2.119811320754716942e-06
-2.119811320754716942e-06
-2.119811320754716942e-06
-2.119811320754716942e-06
-2.119811320754716519e-06
-2.119811320754716519e-06
-2.119811320754716519e-06
-2.060377358490565937e-06
-2.060377358490565937e-06
-2.060377358490565937e-06
-2.060377358490565937e-06
-2.060377358490565937e-06
-2.060377358490565937e-06
-2.060377358490565937e-06
-2.060377358490565937e-06
-2.060377358490565937e-06
-2.060377358490565937e-06
-2.000943396226415354e-06
-2.000943396226415354e-06
-2.000943396226414931e-06
-2.000943396226414931e-06
-2.000943396226414931e-06
-2.000943396226414931e-06
-2.000943396226414931e-06
-2.000943396226414931e-06
-1.941509433962263925e-06
-1.941509433962263925e-06
-1.941509433962263925e-06
-1.941509433962263925e-06
-1.941509433962263925e-06
-1.934905660377358352e-06
-1.934905660377358352e-06
-1.934905660377358352e-06
-1.882075471698113131e-06
-1.875471698113207558e-06
-1.875471698113207558e-06
-1.875471698113207346e-06
-1.875471698113207346e-06
-1.875471698113207346e-06
-1.875471698113207346e-06
-1.875471698113207346e-06
-1.816037735849056764e-06
-1.816037735849056764e-06
-1.816037735849056553e-06
-1.816037735849056553e-06
-1.816037735849056553e-06
-1.816037735849056553e-06
-1.816037735849056341e-06
-1.816037735849056341e-06
-1.816037735849056341e-06
-1.816037735849056341e-06
-1.816037735849056341e-06
-1.756603773584905759e-06
-1.756603773584905759e-06
-1.756603773584905759e-06
-1.756603773584905759e-06
-1.756603773584905547e-06
-1.756603773584905547e-06
-1.756603773584905547e-06
-1.756603773584905547e-06
-1.756603773584905547e-06
-1.756603773584905547e-06
-1.756603773584905547e-06
-1.756603773584905547e-06
-1.756603773584905547e-06
-1.756603773584905335e-06
-1.756603773584905335e-06
-1.756603773584905335e-06
-1.697169811320754753e-06
-1.697169811320754753e-06
-1.697169811320754753e-06
-1.697169811320754753e-06
-1.697169811320754753e-06
-1.697169811320754541e-06
-1.697169811320754541e-06
-1.697169811320754541e-06
-1.697169811320754541e-06
-1.697169811320754541e-06
-1.697169811320754541e-06
-1.697169811320754541e-06
-1.697169811320754330e-06
-1.637735849056603959e-06
-1.637735849056603747e-06
-1.637735849056603747e-06
-1.637735849056603747e-06
-1.637735849056603747e-06
-1.637735849056603747e-06
-1.637735849056603536e-06
-1.637735849056603536e-06
-1.637735849056603536e-06
-1.631132075471697962e-06
-1.578301886792452954e-06
-1.578301886792452742e-06
-1.578301886792452742e-06
-1.578301886792452742e-06
-1.578301886792452530e-06
-1.571698113207547169e-06
-1.571698113207547169e-06
-1.571698113207547169e-06
-1.571698113207546957e-06
-1.571698113207546957e-06
-1.512264150943396163e-06
-1.512264150943396163e-06
-1.512264150943396163e-06
-1.512264150943396163e-06
-1.512264150943396163e-06
-1.512264150943396163e-06
-1.512264150943396163e-06
-1.512264150943396163e-06
-1.512264150943395951e-06
-1.512264150943395951e-06
-1.452830188679245369e-06
-1.452830188679245369e-06
-1.452830188679245157e-06
-1.452830188679245157e-06
-1.452830188679245157e-06
-1.452830188679245157e-06
-1.452830188679245157e-06
-1.452830188679245157e-06
-1.452830188679245157e-06
-1.452830188679245157e-06
-1.452830188679245157e-06
-1.452830188679245157e-06
-1.452830188679245157e-06
-1.452830188679245157e-06
-1.452830188679244946e-06
-1.393396226415094363e-06
-1.393396226415094363e-06
-1.393396226415094363e-06
-1.393396226415094363e-06
-1.393396226415094363e-06
-1.393396226415094363e-06
-1.393396226415094363e-06
-1.393396226415094363e-06
-1.393396226415094363e-06
-1.393396226415094152e-06
-1.393396226415094152e-06
-1.393396226415094152e-06
-1.393396226415094152e-06
-1.393396226415094152e-06
-1.393396226415094152e-06
-1.393396226415094152e-06
-1.393396226415094152e-06
-1.393396226415094152e-06
-1.393396226415094152e-06
-1.333962264150943570e-06
-1.333962264150943358e-06
-1.333962264150943358e-06
-1.333962264150943358e-06
-1.333962264150943358e-06
-1.333962264150943358e-06
-1.333962264150943358e-06
-1.333962264150943358e-06
-1.333962264150943358e-06
-1.333962264150943358e-06
-1.333962264150943146e-06
-1.333962264150943146e-06
-1.333962264150943146e-06
-1.333962264150943146e-06
-1.333962264150943146e-06
-1.274528301886792564e-06
-1.274528301886792564e-06
-1.274528301886792564e-06
-1.274528301886792352e-06
-1.274528301886792352e-06
-1.274528301886792352e-06
-1.274528301886792352e-06
-1.274528301886792352e-06
-1.274528301886792352e-06
-1.274528301886792140e-06
-1.267924528301886779e-06
-1.267924528301886567e-06
-1.215094339622641558e-06
-1.215094339622641558e-06
-1.215094339622641558e-06
-1.215094339622641347e-06
-1.215094339622641347e-06
-1.208490566037735985e-06
-1.208490566037735985e-06
-1.208490566037735773e-06
-1.208490566037735773e-06
-1.208490566037735773e-06
-1.208490566037735773e-06
-1.208490566037735562e-06
-1.149056603773584980e-06
-1.149056603773584980e-06
-1.149056603773584980e-06
-1.149056603773584980e-06
-1.149056603773584980e-06
-1.149056603773584980e-06
-1.149056603773584768e-06
-1.149056603773584768e-06
-1.149056603773584768e-06
-1.149056603773584768e-06
-1.149056603773584768e-06
-1.149056603773584768e-06
-1.149056603773584768e-06
-1.089622641509434186e-06
-1.089622641509433974e-06
-1.089622641509433974e-06
-1.089622641509433974e-06
-1.089622641509433974e-06
-1.089622641509433974e-06
-1.089622641509433974e-06
-1.089622641509433974e-06
-1.089622641509433974e-06
-1.089622641509433974e-06
-1.089622641509433974e-06
-1.089622641509433974e-06
-1.089622641509433974e-06
-1.089622641509433974e-06
-1.089622641509433762e-06
-1.089622641509433762e-06
-1.089622641509433762e-06
-1.089622641509433762e-06
-1.089622641509433762e-06
-1.089622641509433762e-06
-1.030188679245283180e-06
-1.030188679245283180e-06
-1.030188679245283180e-06
-1.030188679245282968e-06
-1.030188679245282968e-06
-1.030188679245282968e-06
-1.030188679245282968e-06
-1.030188679245282968e-06
-1.030188679245282968e-06
-1.030188679245282968e-06
-1.030188679245282968e-06
-1.030188679245282968e-06
-1.030188679245282968e-06
-1.030188679245282968e-06
-1.030188679245282968e-06
-1.030188679245282968e-06
-1.030188679245282968e-06
-1.030188679245282968e-06
-1.030188679245282968e-06
-1.030188679245282756e-06
-1.030188679245282756e-06
-1.030188679245282756e-06
-9.707547169811321744e-07
-9.707547169811321744e-07
-9.707547169811321744e-07
-9.707547169811321744e-07
-9.707547169811321744e-07
-9.707547169811319626e-07
-9.707547169811319626e-07
-9.707547169811319626e-07
-9.707547169811319626e-07
-9.707547169811319626e-07
-9.707547169811319626e-07
-9.707547169811319626e-07
-9.707547169811319626e-07
-9.707547169811319626e-07
-9.707547169811319626e-07
-9.707547169811319626e-07
-9.707547169811317509e-07
-9.113207547169813805e-07
-9.113207547169811687e-07
-9.113207547169811687e-07
-9.113207547169811687e-07
-9.113207547169810629e-07
-9.113207547169810629e-07
-9.113207547169809570e-07
-9.113207547169809570e-07
-9.113207547169809570e-07
-9.113207547169809570e-07
-9.113207547169809570e-07
-9.047169811320754897e-07
-9.047169811320753838e-07
-9.047169811320753838e-07
-9.047169811320753838e-07
-8.518867924528303749e-07
-8.518867924528301631e-07
-8.518867924528300572e-07
-8.518867924528299514e-07
-8.452830188679245899e-07
-8.452830188679245899e-07
-8.452830188679245899e-07
-8.452830188679245899e-07
-8.452830188679244841e-07
-8.452830188679244841e-07
-8.452830188679243782e-07
-8.452830188679243782e-07
-8.452830188679243782e-07
-8.452830188679243782e-07
-7.858490566037737961e-07
-7.858490566037736902e-07
-7.858490566037735843e-07
-7.858490566037735843e-07
-7.858490566037735843e-07
-7.858490566037735843e-07
-7.858490566037735843e-07
-7.858490566037735843e-07
-7.858490566037735843e-07
-7.858490566037735843e-07
-7.858490566037735843e-07
-7.858490566037735843e-07
-7.858490566037734784e-07
-7.858490566037734784e-07
-7.858490566037733725e-07
-7.858490566037733725e-07
-7.858490566037733725e-07
-7.264150943396227904e-07
-7.264150943396227904e-07
-7.264150943396227904e-07
-7.264150943396227904e-07
-7.264150943396226846e-07
-7.264150943396226846e-07
-7.264150943396226846e-07
-7.264150943396226846e-07
-7.264150943396225787e-07
-7.264150943396225787e-07
-7.264150943396225787e-07
-7.264150943396225787e-07
-7.264150943396225787e-07
-7.264150943396225787e-07
-7.264150943396225787e-07
-7.264150943396225787e-07
-7.264150943396225787e-07
-7.264150943396225787e-07
-7.264150943396225787e-07
-7.264150943396225787e-07
-7.264150943396225787e-07
-7.264150943396225787e-07
-7.264150943396225787e-07
-7.264150943396223669e-07
-7.264150943396223669e-07
-6.669811320754717848e-07
-6.669811320754717848e-07
-6.669811320754717848e-07
-6.669811320754717848e-07
-6.669811320754717848e-07
-6.669811320754717848e-07
-6.669811320754717848e-07
-6.669811320754717848e-07
-6.669811320754717848e-07
-6.669811320754716789e-07
-6.669811320754716789e-07
-6.669811320754716789e-07
-6.669811320754716789e-07
-6.669811320754716789e-07
-6.669811320754715730e-07
-6.669811320754715730e-07
-6.669811320754715730e-07
-6.669811320754715730e-07
-6.669811320754715730e-07
-6.669811320754715730e-07
-6.669811320754715730e-07
-6.669811320754715730e-07
-6.669811320754715730e-07
-6.669811320754713613e-07
-6.075471698113207792e-07
-6.075471698113207792e-07
-6.075471698113207792e-07
-6.075471698113207792e-07
-6.075471698113207792e-07
-6.075471698113207792e-07
-6.075471698113207792e-07
-6.075471698113207792e-07
-6.075471698113207792e-07
-6.075471698113207792e-07
-6.075471698113207792e-07
-6.075471698113206733e-07
-6.075471698113206733e-07
-6.075471698113206733e-07
-6.075471698113205674e-07
-6.075471698113205674e-07
-6.075471698113205674e-07
-6.075471698113205674e-07
-5.481132075471697735e-07
-5.481132075471697735e-07
-5.481132075471697735e-07
-5.481132075471697735e-07
-5.481132075471697735e-07
-5.481132075471697735e-07
-5.481132075471697735e-07
-5.481132075471697735e-07
-5.481132075471697735e-07
-5.481132075471697735e-07
-5.481132075471695618e-07
-5.415094339622642004e-07
-5.415094339622642004e-07
-5.415094339622642004e-07
-5.415094339622642004e-07
-5.415094339622640945e-07
-5.415094339622639886e-07
-4.886792452830187679e-07
-4.886792452830187679e-07
-4.886792452830187679e-07
-4.820754716981134065e-07
-4.820754716981133006e-07
-4.820754716981131947e-07
-4.820754716981131947e-07
-4.820754716981131947e-07
-4.820754716981131947e-07
-4.820754716981131947e-07
-4.820754716981131947e-07
-4.820754716981131947e-07
-4.820754716981131947e-07
-4.820754716981131947e-07
-4.820754716981130888e-07
-4.820754716981129830e-07
-4.226415094339626126e-07
-4.226415094339624008e-07
-4.226415094339624008e-07
-4.226415094339624008e-07
-4.226415094339622950e-07
-4.226415094339622950e-07
-4.226415094339622950e-07
-4.226415094339622420e-07
-4.226415094339622420e-07
-4.226415094339622420e-07
-4.226415094339621891e-07
-4.226415094339621891e-07
-4.226415094339621891e-07
-4.226415094339621891e-07
-4.226415094339621891e-07
-4.226415094339621891e-07
-4.226415094339621891e-07
-4.226415094339621891e-07
-4.226415094339621891e-07
-4.226415094339621891e-07
-4.226415094339621891e-07
-3.632075471698116070e-07
-3.632075471698116070e-07
-3.632075471698113952e-07
-3.632075471698113952e-07
-3.632075471698113952e-07
-3.632075471698113952e-07
-3.632075471698113952e-07
-3.632075471698113952e-07
-3.632075471698113952e-07
-3.632075471698113952e-07
-3.632075471698113423e-07
-3.632075471698113423e-07
-3.632075471698112893e-07
-3.632075471698112893e-07
-3.632075471698112893e-07
-3.632075471698112893e-07
-3.632075471698112893e-07
-3.632075471698112364e-07
-3.632075471698111835e-07
-3.632075471698111835e-07
-3.632075471698111835e-07
-3.632075471698111835e-07
-3.632075471698111835e-07
-3.632075471698111835e-07
-3.632075471698111835e-07
-3.632075471698111835e-07
-3.632075471698111835e-07
-3.632075471698111835e-07
-3.632075471698111835e-07
-3.632075471698111835e-07
-3.037735849056606013e-07
-3.037735849056606013e-07
-3.037735849056606013e-07
-3.037735849056603896e-07
-3.037735849056603896e-07
-3.037735849056603896e-07
-3.037735849056603896e-07
-3.037735849056603896e-07
-3.037735849056603896e-07
-3.037735849056603896e-07
-3.037735849056603896e-07
-3.037735849056603896e-07
-3.037735849056603896e-07
-3.037735849056603896e-07
-3.037735849056603896e-07
-3.037735849056603366e-07
-3.037735849056603366e-07
-3.037735849056603366e-07
-3.037735849056603366e-07
-3.037735849056602837e-07
-3.037735849056601778e-07
-3.037735849056601778e-07
-3.037735849056601778e-07
-3.037735849056601778e-07
-3.037735849056601778e-07
-3.037735849056601778e-07
-2.443396226415095957e-07
-2.443396226415095957e-07
-2.443396226415095957e-07
-2.443396226415095957e-07
-2.443396226415095957e-07
-2.443396226415094369e-07
-2.443396226415094369e-07
-2.443396226415093839e-07
-2.443396226415093839e-07
-2.443396226415093839e-07
-2.443396226415093839e-07
-2.443396226415093839e-07
-2.443396226415093839e-07
-2.443396226415093839e-07
-2.443396226415093839e-07
-2.443396226415093839e-07
-2.443396226415093839e-07
-2.443396226415091722e-07
-2.443396226415091722e-07
-1.849056603773585901e-07
-1.849056603773585901e-07
-1.849056603773585901e-07
-1.849056603773585901e-07
-1.849056603773584842e-07
-1.849056603773584577e-07
-1.849056603773584313e-07
-1.849056603773583783e-07
-1.849056603773583783e-07
-1.849056603773583783e-07
-1.849056603773581666e-07
-1.783018867924530169e-07
-1.783018867924530169e-07
-1.783018867924529110e-07
-1.783018867924528051e-07
-1.783018867924528051e-07
-1.783018867924528051e-07
-1.783018867924528051e-07
-1.783018867924525934e-07
-1.254716981132075844e-07
-1.254716981132075580e-07
-1.188679245283020113e-07
-1.188679245283020113e-07
-1.188679245283020113e-07
-1.188679245283020113e-07
-1.188679245283020113e-07
-1.188679245283020113e-07
-1.188679245283019054e-07
-1.188679245283019054e-07
-1.188679245283019054e-07
-1.188679245283018789e-07
-1.188679245283018524e-07
-1.188679245283017995e-07
-1.188679245283017995e-07
-1.188679245283017995e-07
-1.188679245283017995e-07
-1.188679245283015877e-07
-1.188679245283015877e-07
-5.943396226415100563e-08
-5.943396226415100563e-08
-5.943396226415100563e-08
-5.943396226415100563e-08
-5.943396226415100563e-08
-5.943396226415100563e-08
-5.943396226415100563e-08
-5.943396226415100563e-08
-5.943396226415100563e-08
-5.943396226415100563e-08
-5.943396226415100563e-08
-5.943396226415100563e-08
-5.943396226415100563e-08
-5.943396226415100563e-08
-5.943396226415100563e-08
-5.943396226415100563e-08
-5.943396226415095269e-08
-5.943396226415095269e-08
-5.943396226415093946e-08
-5.943396226415093946e-08
-5.943396226415089975e-08
-5.943396226415089975e-08
-5.943396226415079387e-08
-5.943396226415079387e-08
-5.943396226415079387e-08
-5.943396226415058212e-08
0.000000000000000000e+00
0.000000000000000000e+00
0.000000000000000000e+00
0.000000000000000000e+00
0.000000000000000000e+00
0.000000000000000000e+00
0.000000000000000000e+00
0.000000000000000000e+00
0.000000000000000000e+00
0.000000000000000000e+00
0.000000000000000000e+00
0.000000000000000000e+00
0.000000000000000000e+00
0.000000000000000000e+00
0.000000000000000000e+00
0.000000000000000000e+00
0.000000000000000000e+00
0.000000000000000000e+00
0.000000000000000000e+00
0.000000000000000000e+00
0.000000000000000000e+00
0.000000000000000000e+00
0.000000000000000000e+00
0.000000000000000000e+00
0.000000000000000000e+00
0.000000000000000000e+00
0.000000000000000000e+00
0.000000000000000000e+00
0.000000000000000000e+00
0.000000000000000000e+00
0.000000000000000000e+00
0.000000000000000000e+00
0.000000000000000000e+00
0.000000000000000000e+00
0.000000000000000000e+00
0.000000000000000000e+00
5.943396226415058212e-08
5.943396226415079387e-08
5.943396226415079387e-08
5.943396226415079387e-08
5.943396226415089975e-08
5.943396226415089975e-08
5.943396226415093946e-08
5.943396226415093946e-08
5.943396226415095269e-08
5.943396226415095269e-08
5.943396226415100563e-08
5.943396226415100563e-08
5.943396226415100563e-08
5.943396226415100563e-08
5.943396226415100563e-08
5.943396226415100563e-08
5.943396226415100563e-08
5.943396226415100563e-08
5.943396226415100563e-08
5.943396226415100563e-08
5.943396226415100563e-08
5.943396226415100563e-08
5.943396226415100563e-08
5.943396226415100563e-08
5.943396226415100563e-08
5.943396226415100563e-08
1.188679245283015877e-07
1.188679245283015877e-07
1.188679245283017995e-07
1.188679245283017995e-07
1.188679245283017995e-07
1.188679245283017995e-07
1.188679245283018524e-07
1.188679245283018789e-07
1.188679245283019054e-07
1.188679245283019054e-07
1.188679245283019054e-07
1.188679245283020113e-07
1.188679245283020113e-07
1.188679245283020113e-07
1.188679245283020113e-07
1.188679245283020113e-07
1.188679245283020113e-07
1.254716981132075580e-07
1.254716981132075844e-07
1.783018867924525934e-07
1.783018867924528051e-07
1.783018867924528051e-07
1.783018867924528051e-07
1.783018867924528051e-07
1.783018867924529110e-07
1.783018867924530169e-07
1.783018867924530169e-07
1.849056603773581666e-07
1.849056603773583783e-07
1.849056603773583783e-07
1.849056603773583783e-07
1.849056603773584313e-07
1.849056603773584577e-07
1.849056603773584842e-07
1.849056603773585901e-07
1.849056603773585901e-07
1.849056603773585901e-07
1.849056603773585901e-07
2.443396226415091722e-07
2.443396226415091722e-07
2.443396226415093839e-07
2.443396226415093839e-07
2.443396226415093839e-07
2.443396226415093839e-07
2.443396226415093839e-07
2.443396226415093839e-07
2.443396226415093839e-07
2.443396226415093839e-07
2.443396226415093839e-07
2.443396226415093839e-07
2.443396226415094369e-07
2.443396226415094369e-07
2.443396226415095957e-07
2.443396226415095957e-07
2.443396226415095957e-07
2.443396226415095957e-07
2.443396226415095957e-07
3.037735849056601778e-07
3.037735849056601778e-07
3.037735849056601778e-07
3.037735849056601778e-07
3.037735849056601778e-07
3.037735849056601778e-07
3.037735849056602837e-07
3.037735849056603366e-07
3.037735849056603366e-07
3.037735849056603366e-07
3.037735849056603366e-07
3.037735849056603896e-07
3.037735849056603896e-07
3.037735849056603896e-07
3.037735849056603896e-07
3.037735849056603896e-07
3.037735849056603896e-07
3.037735849056603896e-07
3.037735849056603896e-07
3.037735849056603896e-07
3.037735849056603896e-07
3.037735849056603896e-07
3.037735849056603896e-07
3.037735849056606013e-07
3.037735849056606013e-07
3.037735849056606013e-07
3.632075471698111835e-07
3.632075471698111835e-07
3.632075471698111835e-07
3.632075471698111835e-07
3.632075471698111835e-07
3.632075471698111835e-07
3.632075471698111835e-07
3.632075471698111835e-07
3.632075471698111835e-07
3.632075471698111835e-07
3.632075471698111835e-07
3.632075471698111835e-07
3.632075471698112364e-07
3.632075471698112893e-07
3.632075471698112893e-07
3.632075471698112893e-07
3.632075471698112893e-07
3.632075471698112893e-07
3.632075471698113423e-07
3.632075471698113423e-07
3.632075471698113952e-07
3.632075471698113952e-07
3.632075471698113952e-07
3.632075471698113952e-07
3.632075471698113952e-07
3.632075471698113952e-07
3.632075471698113952e-07
3.632075471698113952e-07
3.632075471698116070e-07
3.632075471698116070e-07
4.226415094339621891e-07
4.226415094339621891e-07
4.226415094339621891e-07
4.226415094339621891e-07
4.226415094339621891e-07
4.226415094339621891e-07
4.226415094339621891e-07
4.226415094339621891e-07
4.226415094339621891e-07
4.226415094339621891e-07
4.226415094339621891e-07
4.226415094339622420e-07
4.226415094339622420e-07
4.226415094339622420e-07
4.226415094339622950e-07
4.226415094339622950e-07
4.226415094339622950e-07
4.226415094339624008e-07
4.226415094339624008e-07
4.226415094339624008e-07
4.226415094339626126e-07
4.820754716981129830e-07
4.820754716981130888e-07
4.820754716981131947e-07
4.820754716981131947e-07
4.820754716981131947e-07
4.820754716981131947e-07
4.820754716981131947e-07
4.820754716981131947e-07
4.820754716981131947e-07
4.820754716981131947e-07
4.820754716981131947e-07
4.820754716981133006e-07
4.820754716981134065e-07
4.886792452830187679e-07
4.886792452830187679e-07
4.886792452830187679e-07
5.415094339622639886e-07
5.415094339622640945e-07
5.415094339622642004e-07
5.415094339622642004e-07
5.415094339622642004e-07
5.415094339622642004e-07
5.481132075471695618e-07
5.481132075471697735e-07
5.481132075471697735e-07
5.481132075471697735e-07
5.481132075471697735e-07
5.481132075471697735e-07
5.481132075471697735e-07
5.481132075471697735e-07
5.481132075471697735e-07
5.481132075471697735e-07
5.481132075471697735e-07
6.075471698113205674e-07
6.075471698113205674e-07
6.075471698113205674e-07
6.075471698113205674e-07
6.075471698113206733e-07
6.075471698113206733e-07
6.075471698113206733e-07
6.075471698113207792e-07
6.075471698113207792e-07
6.075471698113207792e-07
6.075471698113207792e-07
6.075471698113207792e-07
6.075471698113207792e-07
6.075471698113207792e-07
6.075471698113207792e-07
6.075471698113207792e-07
6.075471698113207792e-07
6.075471698113207792e-07
6.669811320754713613e-07
6.669811320754715730e-07
6.669811320754715730e-07
6.669811320754715730e-07
6.669811320754715730e-07
6.669811320754715730e-07
6.669811320754715730e-07
6.669811320754715730e-07
6.669811320754715730e-07
6.669811320754715730e-07
6.669811320754716789e-07
6.669811320754716789e-07
6.669811320754716789e-07
6.669811320754716789e-07
6.669811320754716789e-07
6.669811320754717848e-07
6.669811320754717848e-07
6.669811320754717848e-07
6.669811320754717848e-07
6.669811320754717848e-07
6.669811320754717848e-07
6.669811320754717848e-07
6.669811320754717848e-07
6.669811320754717848e-07
7.264150943396223669e-07
7.264150943396223669e-07
7.264150943396225787e-07
7.264150943396225787e-07
7.264150943396225787e-07
7.264150943396225787e-07
7.264150943396225787e-07
7.264150943396225787e-07
7.264150943396225787e-07
7.264150943396225787e-07
7.264150943396225787e-07
7.264150943396225787e-07
7.264150943396225787e-07
7.264150943396225787e-07
7.264150943396225787e-07
7.264150943396225787e-07
7.264150943396225787e-07
7.264150943396226846e-07
7.264150943396226846e-07
7.264150943396226846e-07
7.264150943396226846e-07
7.264150943396227904e-07
7.264150943396227904e-07
7.264150943396227904e-07
7.264150943396227904e-07
7.858490566037733725e-07
7.858490566037733725e-07
7.858490566037733725e-07
7.858490566037734784e-07
7.858490566037734784e-07
7.858490566037735843e-07
7.858490566037735843e-07
7.858490566037735843e-07
7.858490566037735843e-07
7.858490566037735843e-07
7.858490566037735843e-07
7.858490566037735843e-07
7.858490566037735843e-07
7.858490566037735843e-07
7.858490566037735843e-07
7.858490566037736902e-07
7.858490566037737961e-07
8.452830188679243782e-07
8.452830188679243782e-07
8.452830188679243782e-07
8.452830188679243782e-07
8.452830188679244841e-07
8.452830188679244841e-07
8.452830188679245899e-07
8.452830188679245899e-07
8.452830188679245899e-07
8.452830188679245899e-07
8.518867924528299514e-07
8.518867924528300572e-07
8.518867924528301631e-07
8.518867924528303749e-07
9.047169811320753838e-07
9.047169811320753838e-07
9.047169811320753838e-07
9.047169811320754897e-07
9.113207547169809570e-07
9.113207547169809570e-07
9.113207547169809570e-07
9.113207547169809570e-07
9.113207547169809570e-07
9.113207547169810629e-07
9.113207547169810629e-07
9.113207547169811687e-07
9.113207547169811687e-07
9.113207547169811687e-07
9.113207547169813805e-07
9.707547169811317509e-07
9.707547169811319626e-07
9.707547169811319626e-07
9.707547169811319626e-07
9.707547169811319626e-07
9.707547169811319626e-07
9.707547169811319626e-07
9.707547169811319626e-07
9.707547169811319626e-07
9.707547169811319626e-07
9.707547169811319626e-07
9.707547169811319626e-07
9.707547169811321744e-07
9.707547169811321744e-07
9.707547169811321744e-07
9.707547169811321744e-07
9.707547169811321744e-07
1.030188679245282756e-06
1.030188679245282756e-06
1.030188679245282756e-06
1.030188679245282968e-06
1.030188679245282968e-06
1.030188679245282968e-06
1.030188679245282968e-06
1.030188679245282968e-06
1.030188679245282968e-06
1.030188679245282968e-06
1.030188679245282968e-06
1.030188679245282968e-06
1.030188679245282968e-06
1.030188679245282968e-06
1.030188679245282968e-06
1.030188679245282968e-06
1.030188679245282968e-06
1.030188679245282968e-06
1.030188679245282968e-06
1.030188679245283180e-06
1.030188679245283180e-06
1.030188679245283180e-06
1.089622641509433762e-06
1.089622641509433762e-06
1.089622641509433762e-06
1.089622641509433762e-06
1.089622641509433762e-06
1.089622641509433762e-06
1.089622641509433974e-06
1.089622641509433974e-06
1.089622641509433974e-06
1.089622641509433974e-06
1.089622641509433974e-06
1.089622641509433974e-06
1.089622641509433974e-06
1.089622641509433974e-06
1.089622641509433974e-06
1.089622641509433974e-06
1.089622641509433974e-06
1.089622641509433974e-06
1.089622641509433974e-06
1.089622641509434186e-06
1.149056603773584768e-06
1.149056603773584768e-06
1.149056603773584768e-06
1.149056603773584768e-06
1.149056603773584768e-06
1.149056603773584768e-06
1.149056603773584768e-06
1.149056603773584980e-06
1.149056603773584980e-06
1.149056603773584980e-06
1.149056603773584980e-06
1.149056603773584980e-06
1.149056603773584980e-06
1.208490566037735562e-06
1.208490566037735773e-06
1.208490566037735773e-06
1.208490566037735773e-06
1.208490566037735773e-06
1.208490566037735985e-06
1.208490566037735985e-06
1.215094339622641347e-06
1.215094339622641347e-06
1.215094339622641558e-06
1.215094339622641558e-06
1.215094339622641558e-06
1.267924528301886567e-06
1.267924528301886779e-06
1.274528301886792140e-06
1.274528301886792352e-06
1.274528301886792352e-06
1.274528301886792352e-06
1.274528301886792352e-06
1.274528301886792352e-06
1.274528301886792352e-06
1.274528301886792564e-06
1.274528301886792564e-06
1.274528301886792564e-06
1.333962264150943146e-06
1.333962264150943146e-06
1.333962264150943146e-06
1.333962264150943146e-06
1.333962264150943146e-06
1.333962264150943358e-06
1.333962264150943358e-06
1.333962264150943358e-06
1.333962264150943358e-06
1.333962264150943358e-06
1.333962264150943358e-06
1.333962264150943358e-06
1.333962264150943358e-06
1.333962264150943358e-06
1.333962264150943570e-06
1.393396226415094152e-06
1.393396226415094152e-06
1.393396226415094152e-06
1.393396226415094152e-06
1.393396226415094152e-06
1.393396226415094152e-06
1.393396226415094152e-06
1.393396226415094152e-06
1.393396226415094152e-06
1.393396226415094152e-06
1.393396226415094363e-06
1.393396226415094363e-06
1.393396226415094363e-06
1.393396226415094363e-06
1.393396226415094363e-06
1.393396226415094363e-06
1.393396226415094363e-06
1.393396226415094363e-06
1.393396226415094363e-06
1.452830188679244946e-06
1.452830188679245157e-06
1.452830188679245157e-06
1.452830188679245157e-06
1.452830188679245157e-06
1.452830188679245157e-06
1.452830188679245157e-06
1.452830188679245157e-06
1.452830188679245157e-06
1.452830188679245157e-06
1.452830188679245157e-06
1.452830188679245157e-06
1.452830188679245157e-06
1.452830188679245369e-06
1.452830188679245369e-06
1.512264150943395951e-06
1.512264150943395951e-06
1.512264150943396163e-06
1.512264150943396163e-06
1.512264150943396163e-06
1.512264150943396163e-06
1.512264150943396163e-06
1.512264150943396163e-06
1.512264150943396163e-06
1.512264150943396163e-06
1.571698113207546957e-06
1.571698113207546957e-06
1.571698113207547169e-06
1.571698113207547169e-06
1.571698113207547169e-06
1.578301886792452530e-06
1.578301886792452742e-06
1.578301886792452742e-06
1.578301886792452742e-06
1.578301886792452954e-06
1.631132075471697962e-06
1.637735849056603536e-06
1.637735849056603536e-06
1.637735849056603536e-06
1.637735849056603747e-06
1.637735849056603747e-06
1.637735849056603747e-06
1.637735849056603747e-06
1.637735849056603747e-06
1.637735849056603959e-06
1.697169811320754330e-06
1.697169811320754541e-06
1.697169811320754541e-06
1.697169811320754541e-06
1.697169811320754541e-06
1.697169811320754541e-06
1.697169811320754541e-06
1.697169811320754541e-06
1.697169811320754753e-06
1.697169811320754753e-06
1.697169811320754753e-06
1.697169811320754753e-06
1.697169811320754753e-06
1.756603773584905335e-06
1.756603773584905335e-06
1.756603773584905335e-06
1.756603773584905547e-06
1.756603773584905547e-06
1.756603773584905547e-06
1.756603773584905547e-06
1.756603773584905547e-06
1.756603773584905547e-06
1.756603773584905547e-06
1.756603773584905547e-06
1.756603773584905547e-06
1.756603773584905759e-06
1.756603773584905759e-06
1.756603773584905759e-06
1.756603773584905759e-06
1.816037735849056341e-06
1.816037735849056341e-06
1.816037735849056341e-06
1.816037735849056341e-06
1.816037735849056341e-06
1.816037735849056553e-06
1.816037735849056553e-06
1.816037735849056553e-06
1.816037735849056553e-06
1.816037735849056764e-06
1.816037735849056764e-06
1.875471698113207346e-06
1.875471698113207346e-06
1.875471698113207346e-06
1.875471698113207346e-06
1.875471698113207346e-06
1.875471698113207558e-06
1.875471698113207558e-06
1.882075471698113131e-06
1.934905660377358352e-06
1.934905660377358352e-06
1.934905660377358352e-06
1.941509433962263925e-06
1.941509433962263925e-06
1.941509433962263925e-06
1.941509433962263925e-06
1.941509433962263925e-06
2.000943396226414931e-06
2.000943396226414931e-06
2.000943396226414931e-06
2.000943396226414931e-06
2.000943396226414931e-06
2.000943396226414931e-06
2.000943396226415354e-06
2.000943396226415354e-06
2.060377358490565937e-06
2.060377358490565937e-06
2.060377358490565937e-06
2.060377358490565937e-06
2.060377358490565937e-06
2.060377358490565937e-06
2.060377358490565937e-06
2.060377358490565937e-06
2.060377358490565937e-06
2.060377358490565937e-06
2.119811320754716519e-06
2.119811320754716519e-06
2.119811320754716519e-06
2.119811320754716942e-06
2.119811320754716942e-06
2.119811320754716942e-06
2.119811320754716942e-06
2.119811320754716942e-06
2.119811320754716942e-06
2.119811320754716942e-06
2.119811320754716942e-06
2.179245283018867524e-06
2.179245283018867524e-06
2.179245283018867948e-06
2.179245283018867948e-06
2.179245283018867948e-06
2.179245283018867948e-06
2.179245283018867948e-06
2.238679245283018530e-06
2.238679245283018530e-06
2.238679245283018530e-06
2.238679245283018953e-06
2.245283018867924103e-06
2.298113207547169536e-06
2.298113207547169536e-06
2.304716981132075109e-06
2.304716981132075109e-06
2.304716981132075109e-06
2.304716981132075532e-06
2.364150943396226114e-06
2.364150943396226114e-06
2.364150943396226114e-06
2.364150943396226538e-06
2.364150943396226538e-06
2.364150943396226538e-06
2.423584905660377120e-06
2.423584905660377120e-06
2.423584905660377120e-06
2.423584905660377120e-06
2.423584905660377120e-06
2.423584905660377543e-06
2.423584905660377543e-06
2.483018867924528126e-06
2.483018867924528126e-06
2.483018867924528126e-06
2.483018867924528126e-06
2.483018867924528126e-06
2.483018867924528126e-06
2.483018867924528549e-06
2.542452830188679131e-06
2.542452830188679131e-06
2.542452830188679131e-06
2.542452830188679131e-06
2.601886792452829713e-06
2.601886792452830137e-06
2.608490566037735710e-06
2.661320754716980719e-06
2.667924528301886716e-06
2.667924528301886716e-06
2.667924528301886716e-06
2.727358490566037298e-06
2.727358490566037721e-06
2.727358490566037721e-06
2.727358490566037721e-06
2.786792452830188303e-06
2.786792452830188303e-06
2.786792452830188727e-06
2.786792452830188727e-06
2.846226415094339309e-06
2.846226415094339309e-06
2.846226415094339309e-06
2.905660377358490315e-06
2.971698113207546893e-06
3.031132075471697899e-06
3.090566037735848905e-06
