4.018501450156758067e-03
-4.454075463569230793e-03
3.177891031414087006e-03
-2.185824923549177946e-03
9.959910086524850856e-04
1.913449506513023644e-04
1.614528363479007366e-03
-2.132285804981336619e-03
7.952270911704448914e-03
4.335975383181194832e-03
6.771717265223496825e-03
-1.207271991491002143e-03
1.130520942083136204e-03
-1.182016798521290032e-03
3.993278995140060045e-03
1.829081123501373387e-03
7.001617369737179152e-03
3.682717624032762920e-04
1.587541369868773452e-03
3.560006380559289051e-03
-1.615369249919557993e-04
6.465329158101182014e-03
5.373825934776308485e-04
-2.028722347110403085e-03
2.977956368774522990e-03
-2.753271823673678152e-03
1.907647461153755318e-03
-4.055518512227783770e-03
2.054489693200426369e-03
-2.622274433171434011e-03
-2.639003961549691007e-03
4.690505646403011933e-04
-3.572793806436141821e-04
4.831050752504378182e-03
-2.695811690044251988e-03
-1.219958216331123307e-03
-3.269483281243869451e-03
-3.895276540380961366e-03
7.009366530388080191e-03
-6.871767601136682512e-04
1.898732634807298722e-03
8.934256270916084500e-03
1.945685535676423958e-03
-4.613465623399519043e-04
-1.177358283516352112e-02
-6.621854682732280367e-03
-1.550198213145524478e-03
-1.652741307420532496e-03
-5.753439041461864273e-03
-9.931776005711793684e-03
2.988718541475376619e-02
3.936743938281900279e-02
3.082551089935448713e-02
6.331877018876677643e-02
6.229423788077104174e-02
5.059934850596418260e-02
4.922390893473230222e-02
4.715736753440773199e-02
2.528400698006471464e-02
-4.956911857345393246e-02
-3.184006943561613207e-02
-3.238268682541937948e-02
-4.601212060534266846e-02
-3.243356619924647744e-02
-6.998804974979638827e-02
-7.052251785041543930e-02
9.999999999999998890e-01
1.000000000000000000e+00
1.000000000000000000e+00
1.000000000000000000e+00
1.000000000000000000e+00
1.000000000000000000e+00
9.999999999999998890e-01
1.000000000000000000e+00
1.000000000000000000e+00
9.999999999999997780e-01
1.000000000000000222e+00
9.999999999999998890e-01
-7.052251785041543930e-02
-3.243356619924647744e-02
-6.998804974979638827e-02
-4.601212060534266846e-02
-3.184006943561613207e-02
-3.238268682541937948e-02
-4.956911857345393246e-02
4.922390893473230222e-02
4.715736753440773199e-02
2.528400698006471464e-02
6.229423788077104174e-02
5.059934850596418260e-02
3.936743938281900279e-02
3.082551089935448713e-02
6.331877018876677643e-02
2.988718541475376619e-02
-9.931776005711793684e-03
-1.652741307420532496e-03
-5.753439041461864273e-03
-1.550198213145524478e-03
-1.177358283516352112e-02
-6.621854682732280367e-03
-4.613465623399519043e-04
-6.871767601136682512e-04
1.898732634807298722e-03
8.934256270916084500e-03
1.945685535676423958e-03
7.009366530388080191e-03
-3.895276540380961366e-03
4.831050752504378182e-03
-2.695811690044251988e-03
-1.219958216331123307e-03
-3.269483281243869451e-03
-3.572793806436141821e-04
-2.639003961549691007e-03
4.690505646403011933e-04
2.054489693200426369e-03
-2.622274433171434011e-03
-4.055518512227783770e-03
2.977956368774522990e-03
-2.753271823673678152e-03
1.907647461153755318e-03
6.465329158101182014e-03
5.373825934776308485e-04
-2.028722347110403085e-03
-1.615369249919557993e-04
3.560006380559289051e-03
1.587541369868773452e-03
3.682717624032762920e-04
7.001617369737179152e-03
3.993278995140060045e-03
1.829081123501373387e-03
1.130520942083136204e-03
-1.182016798521290032e-03
-1.207271991491002143e-03
4.335975383181194832e-03
6.771717265223496825e-03
7.952270911704448914e-03
1.614528363479007366e-03
-2.132285804981336619e-03
1.913449506513023644e-04
9.959910086524850856e-04
3.177891031414087006e-03
-2.185824923549177946e-03
-4.454075463569230793e-03
4.018501450156758067e-03
