-1.241101207688215030e-03
9.367967376583140370e-04
5.743976472085386871e-03
3.587401573067534768e-04
-2.513022765756173487e-03
5.402007026502404774e-03
-1.875625231248100868e-03
1.770099980325713857e-03
2.522599892680563952e-03
-6.106186367869635354e-03
-6.383273364542103173e-03
-1.228048602561611314e-03
-6.305254635186211345e-05
-9.627460873761681237e-05
2.047843134477030352e-03
-9.039622638207509605e-04
1.074917100923686178e-03
-4.065589298302466591e-03
4.372348635510418129e-04
-1.421368985495171473e-03
-1.678670692124743097e-03
-1.830929578073896063e-03
1.110701908033670787e-03
2.305364131798983036e-03
-3.097590901052660762e-03
-3.777273056244724418e-03
1.392639093460427751e-03
3.773033048023918031e-03
6.499968541548990070e-05
-2.157820076708814178e-03
2.595401964787148394e-03
-8.213750743647825090e-04
-3.797787194376020439e-03
5.045900230434244467e-03
7.571622035934981790e-05
3.955849180248985440e-04
-1.229774197554672592e-03
1.779306695433591819e-03
2.681078361232436692e-03
1.219056558768076125e-03
-1.397904652902459905e-04
1.592900809926289839e-03
1.308988771468396839e-03
-1.081678922633445101e-03
1.150659511512069086e-03
2.041690923660060414e-04
-5.473686466522830092e-03
3.135850911839508661e-04
3.896008669059162956e-03
-2.295941014107077179e-03
2.153287433929985950e-03
1.841525733271612590e-03
-6.710752638578627860e-03
4.012491881952975903e-03
-1.141165384045935653e-03
5.592497896754558290e-04
1.150194003250071002e-03
-1.120576114724091419e-03
-5.969099851593698616e-03
-2.268751965410716650e-04
-2.482339862856053174e-03
4.085894104857519873e-03
5.901889186675726180e-05
-1.639636136106865016e-03
-4.664065587677201398e-03
-3.059682790080602705e-03
2.339072344299069489e-03
-1.634921060827334389e-03
1.262240218279332520e-03
7.638106909520530534e-05
5.207847726423905227e-03
-7.395142462742060330e-04
3.630574940367820632e-03
3.527691415817620253e-03
-2.218576869902384383e-03
-2.651371350382882019e-03
1.049314275844931074e-02
-5.905470560870522238e-03
-1.036403153179994924e-03
-2.223662188040564621e-04
-1.755854783722885252e-03
-3.034907650644869895e-03
-6.145874008749714450e-03
-1.080966040889111586e-03
3.499386250075233254e-03
2.460130703568414942e-03
-1.894903279851913643e-03
2.937725481365451811e-03
-7.803388520065717565e-03
-9.771027433968010236e-04
3.027668028614061493e-04
-8.620332469641022767e-04
3.728385842118198384e-03
-1.581840316988724271e-03
2.654918048282813980e-03
1.632846696938224660e-03
3.121522992337083437e-03
-6.418657181476771466e-03
1.656045841675270365e-03
-3.365290176598401215e-03
-2.272917141177448533e-04
2.657103323823625102e-03
-4.663409721302578734e-03
-1.732477530331852226e-04
-2.182058443382074123e-04
1.912098135470451793e-03
9.274373243520689977e-04
3.651647373661527553e-03
-1.590865303494864123e-03
-4.011243354601596624e-03
-1.699019236290631501e-04
-2.682923665695478160e-03
7.634473920036584805e-04
3.183588777829578307e-03
-2.209633569231774202e-04
-2.970501533562164460e-03
-2.508425607849880563e-03
2.967094896479326410e-04
-9.107624755472501705e-05
3.945103338025129740e-03
-3.089800875187221057e-03
4.905888344968343563e-03
1.965054066446618106e-03
-9.397826611472142417e-04
-1.532811338964157333e-03
6.270740795190994990e-03
1.649191002347192854e-04
-6.221490551655477035e-03
-3.607651381904091272e-04
-2.425069783734873623e-03
-5.534242044909159705e-03
-2.391910284687469041e-03
1.531498720536290199e-03
3.280932362813765869e-03
7.550655036839379504e-04
-1.910673896539835962e-03
-4.824446539486692762e-03
-2.870822149011414189e-03
3.587014477356979380e-03
-3.250743354942576581e-03
4.878986526413098962e-03
1.821200197947744166e-03
4.515663317623332964e-04
1.382617948319641177e-03
6.249984312301557973e-03
2.013541911349777096e-03
-2.225926791432729715e-03
2.692157011985331274e-03
-1.344119886751872842e-03
-1.971496435719335277e-03
4.597580526795507806e-03
-2.788674177432370980e-03
-3.019417656230153485e-03
1.993416678071567669e-03
-8.234034136470580435e-05
-4.159643291307360698e-04
-5.951938147544909167e-04
-1.747399506770237277e-03
2.028892853371100802e-03
-2.310275194571589398e-03
5.695995289536927991e-03
1.958562198927446193e-03
-4.028639923189396982e-03
-3.180117399052436161e-03
-8.157113031282076446e-04
-1.676928958624180526e-03
3.771917092251429217e-03
-1.052925227375754204e-02
4.262966796467304413e-03
-3.785515928088642110e-03
-4.342918042571143633e-04
6.107542162537410273e-03
3.924099145272389073e-03
-3.978009968687433342e-04
-1.300558126955930196e-03
-3.685289168438460241e-03
-5.842483000413488566e-03
1.933487281965048108e-03
-1.806091832057695867e-03
-2.624216582163585963e-03
1.847342032648093457e-04
3.433488195620017745e-03
2.392722532077679563e-03
-5.939124167763175366e-03
-4.747600086023762156e-03
-5.548649003538598350e-03
8.672361842703542540e-04
1.702257947696801449e-03
-3.034628025398284756e-03
-1.725512798806819528e-03
4.253372863035612648e-03
3.954364179495409998e-03
-7.709802694772925798e-04
-7.459369543292327124e-04
2.460456380913961585e-03
-4.992293488043890101e-03
-2.753680546857515104e-03
-1.071303439151694839e-03
1.868286476062820060e-03
-1.338366505281426847e-03
-1.328007195651157140e-03
1.259759071295922126e-03
-2.334423836063402070e-03
4.817600530737338525e-04
-4.503146903802588731e-03
4.169614638797587182e-03
-1.451532823084072856e-03
5.313568944255892294e-04
1.287132371645513702e-03
-1.751168372608388150e-03
-3.513887356358071784e-03
3.844983979000120289e-03
5.945175765477985277e-03
-2.775333919995869470e-03
4.475345763033966237e-03
-2.215039891280559583e-03
1.120662099683980605e-03
-4.442542331034471815e-04
4.282248496248710528e-04
1.038486554858730933e-03
7.537129367142695962e-05
-1.606782852804925811e-03
2.304664771373243597e-03
-3.324580996941599743e-03
7.240882416870180653e-04
-1.332515827807089631e-03
2.656765472663967596e-04
-9.137251678855531564e-03
-4.094160868135746784e-03
3.762987143748801246e-03
1.376871692582251963e-03
-1.680650133651344445e-03
-8.291694209846064848e-04
-1.315530888609087005e-03
-7.877824421545747812e-04
-1.824704950925128697e-03
2.816391363486177909e-03
1.797105621075749870e-03
1.828909045915992236e-03
2.069182215514432394e-03
2.918190119984278349e-03
-4.993763280545835716e-03
-1.936254646839129668e-03
2.162987106387682414e-03
-8.797788612299090082e-04
-2.607010952188102988e-03
1.811901857556526751e-03
1.773116584243889307e-03
1.301333593139911539e-03
-4.711056624233969127e-03
-1.074436575325694648e-03
2.175118336049475763e-03
1.959485087534635749e-03
1.123460315909939437e-03
-3.224975495215900555e-03
-2.226997773327273836e-03
-1.206260839192771711e-03
-3.681650803547411623e-03
-2.750916638196574532e-03
1.911621523761460485e-03
1.518417311626468107e-03
3.762165894602279882e-03
6.170424857603796880e-03
-2.683245629072397373e-03
1.705912433343197013e-03
2.270820143634318632e-04
3.664115614696175378e-03
3.817325994718056073e-03
3.976044980768172164e-03
-3.930068250408142567e-04
-5.864877362705435675e-04
5.603427767197137433e-04
4.611457398059445878e-03
2.978555792900222828e-03
-5.859765940379131621e-03
1.858878796386302830e-03
2.428400054843549670e-04
-2.565295032963127875e-03
2.771979991616324579e-03
1.656566776341342282e-03
4.152637983613907159e-03
-2.944369152458274370e-03
4.391088882462962969e-04
1.235304145124176568e-03
-6.668188090023155837e-03
-1.720565841178231092e-03
-4.159063853894526437e-03
7.748103923458006135e-04
-3.629692442068037893e-03
-2.940826083846756478e-03
3.372414293952525743e-03
-5.237916164428657768e-03
5.501211003346673191e-04
-2.350098516331905300e-03
-1.603408841120810115e-03
-6.410654864675847421e-03
-3.386224618055266432e-03
3.728344545984560703e-03
1.884160876400671177e-03
4.651173065426315281e-04
-2.530704941306726082e-03
4.311527317960478153e-03
3.040538388322139816e-03
-5.856554118574492165e-03
-3.266020461106645609e-03
-1.459756003628188666e-03
2.900977925721998085e-03
2.726277933229530586e-03
-5.429987455570161697e-05
5.232017572659666479e-03
3.734850565442404333e-03
-8.087784765996513603e-04
5.313873120932781358e-03
2.602809801820592326e-03
3.096951493127989528e-03
2.645586615475406869e-03
1.401197187241637852e-03
-1.122133345668822110e-03
2.344688668886140206e-03
3.082724806831260017e-03
-9.525895405430197379e-04
-2.748122646163225443e-04
5.830389763666792187e-03
4.453717924867219534e-03
-4.101036916465093662e-03
-9.188399653299321630e-04
-6.479045920077588019e-03
1.114299527594862348e-03
2.020151499680990139e-03
-1.973381413151281596e-03
2.048612183325822407e-03
1.325474898561978827e-03
8.460196163613293175e-04
2.213679087440337820e-04
-4.241617873500335041e-03
-3.323276705215349233e-03
-4.241918107579584034e-03
2.068720678916860685e-04
-5.689695700254556636e-04
2.299037372988141543e-03
-4.830901266373007819e-05
2.320055565015159292e-04
-9.671036522754941156e-04
7.974477638471210578e-03
2.721543112741748975e-03
1.090487941975864291e-03
-1.768444761253970868e-04
6.459806690334257652e-04
2.142720408868567343e-03
6.827934803523891434e-03
5.657692928147104068e-03
4.033422388400357064e-03
-3.657302883000273456e-03
-1.932829014765431340e-03
1.215714381707100507e-03
-2.128270168532490295e-03
-4.528551446939239541e-03
-4.957372320724931676e-03
-7.160204505153289732e-04
-4.570268408947029070e-04
-1.028500140136385382e-02
-3.080539355214508175e-03
-3.487972621863485393e-03
-6.171067175925585430e-03
-2.686973312793065373e-03
-5.658578461530374727e-03
-1.793667015956570574e-03
-5.603797610986437430e-03
4.646486603617268492e-04
3.285024656428032260e-03
4.583888696363076949e-03
1.981263416848639842e-03
8.909107568690418852e-03
7.150215219118618779e-03
2.211888183215617552e-03
6.740661269122538712e-03
1.744659629172477973e-03
3.739388613188194730e-04
5.083160485980660857e-03
3.027891875649123526e-03
8.443096093586292122e-03
4.593433721746646888e-03
9.609244366280770763e-03
-2.594041618804360239e-03
1.226238815257458268e-03
1.118696432633087788e-02
9.418350516061985492e-03
1.557689225121497304e-03
4.883047243249378708e-03
3.652855698484698457e-03
1.020013277608514818e-02
8.915263057996940244e-03
3.846321876386645747e-03
6.565742566410921049e-03
4.146508509474731638e-03
-1.192797741707510642e-02
-1.308304567394384839e-02
-8.725901407710467267e-03
-4.753196182995536589e-03
-3.509651616291073646e-03
-4.975132123682470681e-03
-5.841050455423661865e-03
-1.091529586601351805e-02
-1.366469652331196889e-02
-9.042333303780970485e-03
-3.895157598764505645e-03
-8.892484691426116861e-03
-9.012076577640795380e-03
-6.399300802618719877e-03
-4.553065593036672090e-03
-5.074119159879913327e-03
-7.728799639607612272e-03
-1.525102457213111350e-02
-3.363883515249622719e-03
-8.092373379924225688e-03
-5.605710878037319794e-03
-1.085686537786857003e-02
-1.119961907933133584e-02
-6.386745277259540943e-03
1.000374630226770825e-02
1.216772216814802909e-02
1.486400967719921085e-02
1.065058321840592348e-02
1.277090607616718047e-02
1.186869230492924171e-02
4.139872314290585047e-03
1.048857078797479740e-02
8.399875337643903511e-03
1.106204397362342898e-02
1.164575408517147873e-02
1.241344400565511444e-02
-1.830577716000672062e-03
8.717076831031173381e-03
1.896521963616029302e-02
2.557385086112368665e-03
8.269550964027094775e-03
1.185325797836940531e-02
-1.316018473861916421e-02
-4.358329294433250546e-03
-7.282945630242699912e-03
-1.182063741147696551e-02
-1.479334028158610197e-02
-4.595971565355808086e-03
-7.637129181610299161e-03
-4.019749674491350337e-03
-6.583905150510415034e-03
-8.675540065101836062e-03
-6.700060657852877945e-03
-6.441863725150136916e-03
-1.067322433622954793e-02
-1.486927448600552188e-03
-7.493518963232245929e-03
-5.147993766829242479e-03
-7.716173067411140687e-03
2.946291218203141073e-03
7.344488297166718895e-03
1.331733152098088860e-02
2.026357915458926531e-02
1.121126091566402444e-02
1.504642519112954144e-02
1.951017303859990323e-02
2.071517476718684123e-02
1.681411292754893608e-02
1.708558238382901565e-02
1.331826788823017860e-02
1.497577334468070710e-02
1.785874823070850159e-02
1.375663717458910744e-02
1.892953134597055720e-02
1.310079086359088041e-02
-2.826299275570993280e-02
-2.681564161950563893e-02
-3.758368862512987546e-02
-3.307418662302382545e-02
-3.258418371078752179e-02
-2.881365551676789288e-02
-3.561203469884425404e-02
-3.800483846549416317e-02
-2.019391027561732999e-02
-3.388061416616210131e-02
-3.289440608220318280e-02
-4.163142030313028014e-02
-2.821277931769510319e-02
-3.358610668885506773e-02
-3.396674356340594753e-02
-1.354073600004420015e-02
-2.336391341209552094e-02
-3.882505153122232239e-02
-2.653170700998919510e-02
-3.788918704116631120e-02
-2.550011141154831865e-02
1.991958848036290766e-02
5.572478784055599765e-02
6.380225021676062813e-02
3.321396419918225956e-02
6.449719775774669095e-02
2.311442145097013928e-02
4.946260933707440077e-02
5.091917328737876475e-02
6.338056130788803644e-02
4.308402963456892804e-02
5.236107923464564801e-02
3.807471884303107595e-02
7.016008696177400417e-02
4.584686278851336089e-02
6.304461094864874382e-02
2.517128377371575382e-02
5.907233021180087473e-02
2.017622592866983103e-02
3.809753590659684108e-02
6.454337333410922750e-02
4.220357347395551489e-02
6.659121453147241743e-02
1.430862235023048698e-02
2.136833921474737275e-02
5.955062107731832338e-02
6.601391466766290406e-02
3.205430139972260950e-02
6.128126521336654808e-02
2.221999312023475656e-02
2.664170639458679490e-02
-4.367133637105291566e-02
-5.696081381178454833e-02
-8.792412117315280551e-02
-3.552023590354459748e-02
-8.170095000554629394e-02
-8.719490137656779605e-02
-6.538492424031500105e-02
-6.720043823157238749e-02
-8.792578228571303056e-02
-6.229686931027503954e-02
-8.158662027795471339e-02
-5.008745094824362809e-02
-4.186151097329338794e-02
-8.311529597513046819e-02
-7.873318028180910366e-02
-7.816209310570849944e-02
-8.312709909092418081e-02
-4.736466916354777068e-02
-7.097548340124433530e-02
-5.673669928921442479e-02
-8.263235905761293076e-02
-4.927397807744871017e-02
-9.386726851690611884e-02
-6.805810069542007901e-02
-5.948855884226119523e-02
-7.050864435959013077e-02
8.123563311985219915e-02
6.697616819347390615e-02
8.000303144524691101e-02
7.846194397785971608e-02
8.373255863896764128e-02
5.745460486080420509e-02
8.358359993873150373e-02
8.891921898835916660e-02
5.909374729976565876e-02
7.394903225681480341e-02
8.270086612615197563e-02
8.688537012174557539e-02
8.310341179052621596e-02
8.861262365405574160e-02
6.928075821717002980e-02
6.297271828045990227e-02
9.098922545902757286e-02
7.159653943120483643e-02
8.748576296718804657e-02
-6.159284843630071643e-02
-6.106037946853729720e-02
-5.512203906014143812e-02
-5.366461736781248659e-02
-5.817858183918405562e-02
-5.033892164266872554e-02
-6.336512208582044392e-02
-6.809634786957759200e-02
-6.351861959848154049e-02
-4.889044906667170537e-02
-5.333674715960531193e-02
-4.288767046633532032e-02
-4.506036067686459284e-02
-5.587588887195502063e-02
-5.146310020907898103e-02
-5.295915097636610253e-02
-5.492819479344240169e-02
-5.310327593821995151e-02
-3.970159032739734029e-02
2.238667989797193600e-02
2.330055135978250855e-02
1.351777201710125387e-01
1.442139095048539654e-01
1.163174892864914101e-01
1.403088882118792013e-01
1.287759904306698400e-01
1.310161127132376813e-01
1.425928527701129656e-01
1.250780845332381264e-01
1.399558021769609917e-01
1.164557217866413197e-01
1.147533920102774274e-01
1.316000163402538947e-01
1.416146642721477500e-01
1.248220744503450441e-01
1.145818812907013623e-01
1.353661554747635221e-01
1.236860912241194571e-01
-2.916624396817668052e-01
-3.474962855488738511e-01
-3.270051946183126779e-01
-3.356918221019843385e-01
-3.405300483680163137e-01
-3.001647251435571873e-01
-3.661066189080667277e-01
-3.260090414406877080e-01
-2.470207370485097420e-01
-3.744905712082040039e-01
-3.082972829286304006e-01
-2.750808268345716345e-01
-3.817561262459052696e-01
-2.885575185575296464e-01
-2.911016673169978808e-01
-2.688230314567217616e-01
-3.242009973603533490e-01
-3.598041236570853618e-01
-3.709844853061691206e-01
-2.484857536899741370e-01
-2.766954372302509180e-01
-3.311242867780862520e-01
-3.222985466738025329e-01
-3.325910186027158377e-01
-2.764684447621078567e-01
-3.781441095288756160e-01
1.000000000000000000e+00
9.999999999999996669e-01
1.000000000000000000e+00
9.999999999999996669e-01
1.000000000000000000e+00
1.000000000000000222e+00
9.999999999999995559e-01
1.000000000000001110e+00
1.000000000000000000e+00
1.000000000000000222e+00
1.000000000000000222e+00
1.000000000000000222e+00
1.000000000000000000e+00
1.000000000000000000e+00
9.999999999999997780e-01
9.999999999999995559e-01
9.999999999999998890e-01
1.000000000000000222e+00
9.999999999999994449e-01
9.999999999999997780e-01
1.000000000000000000e+00
1.000000000000000000e+00
1.000000000000000888e+00
1.000000000000000000e+00
1.000000000000000000e+00
1.000000000000000000e+00
1.000000000000000000e+00
1.000000000000000000e+00
1.000000000000000222e+00
1.000000000000000222e+00
9.999999999999998890e-01
1.000000000000000000e+00
1.000000000000000000e+00
9.999999999999998890e-01
1.000000000000000000e+00
1.000000000000000000e+00
-3.781441095288756160e-01
-3.222985466738025329e-01
-3.325910186027158377e-01
-2.764684447621078567e-01
-2.766954372302509180e-01
-3.311242867780862520e-01
-3.709844853061691206e-01
-2.484857536899741370e-01
-3.242009973603533490e-01
-3.598041236570853618e-01
-2.916624396817668052e-01
-3.474962855488738511e-01
-3.270051946183126779e-01
-3.356918221019843385e-01
-3.405300483680163137e-01
-3.001647251435571873e-01
-3.661066189080667277e-01
-3.260090414406877080e-01
-2.470207370485097420e-01
-3.744905712082040039e-01
-3.082972829286304006e-01
-2.750808268345716345e-01
-3.817561262459052696e-01
-2.885575185575296464e-01
-2.911016673169978808e-01
-2.688230314567217616e-01
1.353661554747635221e-01
1.236860912241194571e-01
1.316000163402538947e-01
1.416146642721477500e-01
1.248220744503450441e-01
1.145818812907013623e-01
1.147533920102774274e-01
1.164557217866413197e-01
1.425928527701129656e-01
1.250780845332381264e-01
1.399558021769609917e-01
1.351777201710125387e-01
1.442139095048539654e-01
1.163174892864914101e-01
1.403088882118792013e-01
1.287759904306698400e-01
1.310161127132376813e-01
2.330055135978250855e-02
2.238667989797193600e-02
-3.970159032739734029e-02
-5.146310020907898103e-02
-5.295915097636610253e-02
-5.492819479344240169e-02
-5.310327593821995151e-02
-5.587588887195502063e-02
-4.288767046633532032e-02
-4.506036067686459284e-02
-5.333674715960531193e-02
-6.809634786957759200e-02
-6.351861959848154049e-02
-4.889044906667170537e-02
-6.336512208582044392e-02
-5.033892164266872554e-02
-5.817858183918405562e-02
-6.159284843630071643e-02
-6.106037946853729720e-02
-5.512203906014143812e-02
-5.366461736781248659e-02
7.159653943120483643e-02
8.748576296718804657e-02
8.891921898835916660e-02
5.909374729976565876e-02
7.394903225681480341e-02
8.270086612615197563e-02
8.688537012174557539e-02
8.310341179052621596e-02
8.861262365405574160e-02
6.928075821717002980e-02
6.297271828045990227e-02
9.098922545902757286e-02
5.745460486080420509e-02
8.358359993873150373e-02
8.123563311985219915e-02
6.697616819347390615e-02
8.000303144524691101e-02
7.846194397785971608e-02
8.373255863896764128e-02
-8.263235905761293076e-02
-4.927397807744871017e-02
-9.386726851690611884e-02
-6.805810069542007901e-02
-5.948855884226119523e-02
-7.050864435959013077e-02
-5.673669928921442479e-02
-7.816209310570849944e-02
-8.312709909092418081e-02
-4.736466916354777068e-02
-7.097548340124433530e-02
-3.552023590354459748e-02
-8.170095000554629394e-02
-8.719490137656779605e-02
-6.538492424031500105e-02
-6.720043823157238749e-02
-8.792578228571303056e-02
-6.229686931027503954e-02
-8.158662027795471339e-02
-5.008745094824362809e-02
-4.186151097329338794e-02
-8.311529597513046819e-02
-7.873318028180910366e-02
-4.367133637105291566e-02
-5.696081381178454833e-02
-8.792412117315280551e-02
3.809753590659684108e-02
6.454337333410922750e-02
4.220357347395551489e-02
6.659121453147241743e-02
1.430862235023048698e-02
2.136833921474737275e-02
5.955062107731832338e-02
6.601391466766290406e-02
3.205430139972260950e-02
6.128126521336654808e-02
2.221999312023475656e-02
2.664170639458679490e-02
2.017622592866983103e-02
7.016008696177400417e-02
4.584686278851336089e-02
6.304461094864874382e-02
2.517128377371575382e-02
5.907233021180087473e-02
5.236107923464564801e-02
3.807471884303107595e-02
6.380225021676062813e-02
3.321396419918225956e-02
6.449719775774669095e-02
2.311442145097013928e-02
4.946260933707440077e-02
5.091917328737876475e-02
6.338056130788803644e-02
4.308402963456892804e-02
1.991958848036290766e-02
5.572478784055599765e-02
-3.289440608220318280e-02
-4.163142030313028014e-02
-2.821277931769510319e-02
-3.358610668885506773e-02
-3.396674356340594753e-02
-1.354073600004420015e-02
-2.336391341209552094e-02
-3.882505153122232239e-02
-2.653170700998919510e-02
-3.788918704116631120e-02
-2.550011141154831865e-02
-3.800483846549416317e-02
-2.019391027561732999e-02
-3.388061416616210131e-02
-3.258418371078752179e-02
-2.881365551676789288e-02
-3.561203469884425404e-02
-2.681564161950563893e-02
-3.758368862512987546e-02
-3.307418662302382545e-02
-2.826299275570993280e-02
1.310079086359088041e-02
1.892953134597055720e-02
1.504642519112954144e-02
1.951017303859990323e-02
2.071517476718684123e-02
1.681411292754893608e-02
1.708558238382901565e-02
1.331826788823017860e-02
1.497577334468070710e-02
1.785874823070850159e-02
1.375663717458910744e-02
1.121126091566402444e-02
2.026357915458926531e-02
2.946291218203141073e-03
7.344488297166718895e-03
1.331733152098088860e-02
-7.716173067411140687e-03
-5.147993766829242479e-03
-6.441863725150136916e-03
-1.067322433622954793e-02
-1.486927448600552188e-03
-7.493518963232245929e-03
-6.700060657852877945e-03
-1.316018473861916421e-02
-4.358329294433250546e-03
-7.282945630242699912e-03
-1.182063741147696551e-02
-1.479334028158610197e-02
-4.595971565355808086e-03
-7.637129181610299161e-03
-4.019749674491350337e-03
-6.583905150510415034e-03
-8.675540065101836062e-03
1.896521963616029302e-02
2.557385086112368665e-03
8.269550964027094775e-03
1.185325797836940531e-02
1.241344400565511444e-02
-1.830577716000672062e-03
8.717076831031173381e-03
1.000374630226770825e-02
1.216772216814802909e-02
1.486400967719921085e-02
1.065058321840592348e-02
1.277090607616718047e-02
1.186869230492924171e-02
4.139872314290585047e-03
1.048857078797479740e-02
8.399875337643903511e-03
1.106204397362342898e-02
1.164575408517147873e-02
-6.386745277259540943e-03
-4.553065593036672090e-03
-5.074119159879913327e-03
-7.728799639607612272e-03
-1.525102457213111350e-02
-3.363883515249622719e-03
-8.092373379924225688e-03
-5.605710878037319794e-03
-1.085686537786857003e-02
-1.119961907933133584e-02
-9.042333303780970485e-03
-3.895157598764505645e-03
-8.892484691426116861e-03
-9.012076577640795380e-03
-6.399300802618719877e-03
-1.192797741707510642e-02
-1.308304567394384839e-02
-8.725901407710467267e-03
-4.753196182995536589e-03
-3.509651616291073646e-03
-4.975132123682470681e-03
-5.841050455423661865e-03
-1.091529586601351805e-02
-1.366469652331196889e-02
6.565742566410921049e-03
4.146508509474731638e-03
5.083160485980660857e-03
3.027891875649123526e-03
8.443096093586292122e-03
4.593433721746646888e-03
9.609244366280770763e-03
-2.594041618804360239e-03
1.226238815257458268e-03
1.118696432633087788e-02
9.418350516061985492e-03
1.557689225121497304e-03
4.883047243249378708e-03
3.652855698484698457e-03
1.020013277608514818e-02
8.915263057996940244e-03
3.846321876386645747e-03
2.211888183215617552e-03
6.740661269122538712e-03
1.744659629172477973e-03
3.739388613188194730e-04
4.583888696363076949e-03
1.981263416848639842e-03
8.909107568690418852e-03
7.150215219118618779e-03
-5.603797610986437430e-03
4.646486603617268492e-04
3.285024656428032260e-03
-5.658578461530374727e-03
-1.793667015956570574e-03
-2.128270168532490295e-03
-4.528551446939239541e-03
-4.957372320724931676e-03
-7.160204505153289732e-04
-4.570268408947029070e-04
-1.028500140136385382e-02
-3.080539355214508175e-03
-3.487972621863485393e-03
-6.171067175925585430e-03
-2.686973312793065373e-03
1.215714381707100507e-03
-1.932829014765431340e-03
6.827934803523891434e-03
5.657692928147104068e-03
4.033422388400357064e-03
-3.657302883000273456e-03
6.459806690334257652e-04
2.142720408868567343e-03
7.974477638471210578e-03
2.721543112741748975e-03
1.090487941975864291e-03
-1.768444761253970868e-04
-9.671036522754941156e-04
2.320055565015159292e-04
-4.830901266373007819e-05
2.299037372988141543e-03
-4.241918107579584034e-03
2.068720678916860685e-04
-5.689695700254556636e-04
-3.323276705215349233e-03
2.048612183325822407e-03
1.325474898561978827e-03
8.460196163613293175e-04
2.213679087440337820e-04
-4.241617873500335041e-03
2.020151499680990139e-03
-1.973381413151281596e-03
-9.188399653299321630e-04
-6.479045920077588019e-03
1.114299527594862348e-03
-4.101036916465093662e-03
4.453717924867219534e-03
5.313873120932781358e-03
2.602809801820592326e-03
3.096951493127989528e-03
2.645586615475406869e-03
1.401197187241637852e-03
-1.122133345668822110e-03
2.344688668886140206e-03
3.082724806831260017e-03
-9.525895405430197379e-04
-2.748122646163225443e-04
5.830389763666792187e-03
2.726277933229530586e-03
-5.429987455570161697e-05
5.232017572659666479e-03
3.734850565442404333e-03
-8.087784765996513603e-04
-3.266020461106645609e-03
-1.459756003628188666e-03
2.900977925721998085e-03
-3.629692442068037893e-03
-2.940826083846756478e-03
3.372414293952525743e-03
-5.237916164428657768e-03
5.501211003346673191e-04
-2.350098516331905300e-03
-1.603408841120810115e-03
-6.410654864675847421e-03
-3.386224618055266432e-03
3.728344545984560703e-03
1.884160876400671177e-03
4.651173065426315281e-04
-2.530704941306726082e-03
4.311527317960478153e-03
3.040538388322139816e-03
-5.856554118574492165e-03
-1.720565841178231092e-03
-4.159063853894526437e-03
7.748103923458006135e-04
1.656566776341342282e-03
4.152637983613907159e-03
-2.944369152458274370e-03
4.391088882462962969e-04
1.235304145124176568e-03
-6.668188090023155837e-03
3.664115614696175378e-03
3.817325994718056073e-03
3.976044980768172164e-03
-3.930068250408142567e-04
-5.864877362705435675e-04
5.603427767197137433e-04
4.611457398059445878e-03
2.978555792900222828e-03
-5.859765940379131621e-03
1.858878796386302830e-03
2.428400054843549670e-04
-2.565295032963127875e-03
2.771979991616324579e-03
2.270820143634318632e-04
-2.750916638196574532e-03
1.911621523761460485e-03
1.518417311626468107e-03
3.762165894602279882e-03
6.170424857603796880e-03
-2.683245629072397373e-03
1.705912433343197013e-03
1.959485087534635749e-03
1.123460315909939437e-03
-3.224975495215900555e-03
-2.226997773327273836e-03
-1.206260839192771711e-03
-3.681650803547411623e-03
2.175118336049475763e-03
1.773116584243889307e-03
1.301333593139911539e-03
-4.711056624233969127e-03
-1.074436575325694648e-03
-2.607010952188102988e-03
1.811901857556526751e-03
2.162987106387682414e-03
-8.797788612299090082e-04
2.918190119984278349e-03
-4.993763280545835716e-03
-1.936254646839129668e-03
2.069182215514432394e-03
1.828909045915992236e-03
1.797105621075749870e-03
-1.680650133651344445e-03
-8.291694209846064848e-04
-1.315530888609087005e-03
-7.877824421545747812e-04
-1.824704950925128697e-03
2.816391363486177909e-03
-4.094160868135746784e-03
3.762987143748801246e-03
1.376871692582251963e-03
-3.324580996941599743e-03
7.240882416870180653e-04
-1.332515827807089631e-03
2.656765472663967596e-04
-9.137251678855531564e-03
4.475345763033966237e-03
-2.215039891280559583e-03
1.120662099683980605e-03
-4.442542331034471815e-04
4.282248496248710528e-04
1.038486554858730933e-03
7.537129367142695962e-05
-1.606782852804925811e-03
2.304664771373243597e-03
-2.775333919995869470e-03
4.817600530737338525e-04
-4.503146903802588731e-03
4.169614638797587182e-03
-1.451532823084072856e-03
5.313568944255892294e-04
1.287132371645513702e-03
-1.751168372608388150e-03
-3.513887356358071784e-03
3.844983979000120289e-03
5.945175765477985277e-03
2.460456380913961585e-03
-4.992293488043890101e-03
-2.753680546857515104e-03
-1.071303439151694839e-03
1.868286476062820060e-03
-1.338366505281426847e-03
-1.328007195651157140e-03
1.259759071295922126e-03
-2.334423836063402070e-03
-7.459369543292327124e-04
3.433488195620017745e-03
2.392722532077679563e-03
-5.939124167763175366e-03
-4.747600086023762156e-03
-5.548649003538598350e-03
8.672361842703542540e-04
1.702257947696801449e-03
-3.034628025398284756e-03
-1.725512798806819528e-03
4.253372863035612648e-03
3.954364179495409998e-03
-7.709802694772925798e-04
-2.624216582163585963e-03
1.847342032648093457e-04
1.933487281965048108e-03
-1.806091832057695867e-03
-3.785515928088642110e-03
-4.342918042571143633e-04
6.107542162537410273e-03
3.924099145272389073e-03
-3.978009968687433342e-04
-1.300558126955930196e-03
-3.685289168438460241e-03
-5.842483000413488566e-03
-1.052925227375754204e-02
4.262966796467304413e-03
-8.157113031282076446e-04
-1.676928958624180526e-03
3.771917092251429217e-03
-3.180117399052436161e-03
5.695995289536927991e-03
1.958562198927446193e-03
-4.028639923189396982e-03
-2.310275194571589398e-03
2.028892853371100802e-03
-4.159643291307360698e-04
-5.951938147544909167e-04
-1.747399506770237277e-03
4.597580526795507806e-03
-2.788674177432370980e-03
-3.019417656230153485e-03
1.993416678071567669e-03
-8.234034136470580435e-05
-1.971496435719335277e-03
-1.344119886751872842e-03
1.821200197947744166e-03
4.515663317623332964e-04
1.382617948319641177e-03
6.249984312301557973e-03
2.013541911349777096e-03
-2.225926791432729715e-03
2.692157011985331274e-03
-4.824446539486692762e-03
-2.870822149011414189e-03
3.587014477356979380e-03
-3.250743354942576581e-03
4.878986526413098962e-03
3.280932362813765869e-03
7.550655036839379504e-04
-1.910673896539835962e-03
-1.532811338964157333e-03
6.270740795190994990e-03
1.649191002347192854e-04
-6.221490551655477035e-03
-3.607651381904091272e-04
-2.425069783734873623e-03
-5.534242044909159705e-03
-2.391910284687469041e-03
1.531498720536290199e-03
-3.089800875187221057e-03
4.905888344968343563e-03
1.965054066446618106e-03
-9.397826611472142417e-04
-2.970501533562164460e-03
-2.508425607849880563e-03
2.967094896479326410e-04
-9.107624755472501705e-05
3.945103338025129740e-03
-2.682923665695478160e-03
7.634473920036584805e-04
3.183588777829578307e-03
-2.209633569231774202e-04
-4.011243354601596624e-03
-1.699019236290631501e-04
-2.182058443382074123e-04
1.912098135470451793e-03
9.274373243520689977e-04
3.651647373661527553e-03
-1.590865303494864123e-03
-4.663409721302578734e-03
-1.732477530331852226e-04
2.657103323823625102e-03
1.656045841675270365e-03
-3.365290176598401215e-03
-2.272917141177448533e-04
-1.581840316988724271e-03
2.654918048282813980e-03
1.632846696938224660e-03
3.121522992337083437e-03
-6.418657181476771466e-03
2.937725481365451811e-03
-7.803388520065717565e-03
-9.771027433968010236e-04
3.027668028614061493e-04
-8.620332469641022767e-04
3.728385842118198384e-03
2.460130703568414942e-03
-1.894903279851913643e-03
-2.651371350382882019e-03
1.049314275844931074e-02
-5.905470560870522238e-03
-1.036403153179994924e-03
-2.223662188040564621e-04
-1.755854783722885252e-03
-3.034907650644869895e-03
-6.145874008749714450e-03
-1.080966040889111586e-03
3.499386250075233254e-03
3.630574940367820632e-03
3.527691415817620253e-03
-2.218576869902384383e-03
-4.664065587677201398e-03
-3.059682790080602705e-03
2.339072344299069489e-03
-1.634921060827334389e-03
1.262240218279332520e-03
7.638106909520530534e-05
5.207847726423905227e-03
-7.395142462742060330e-04
5.901889186675726180e-05
-1.639636136106865016e-03
-1.120576114724091419e-03
-5.969099851593698616e-03
-2.268751965410716650e-04
-2.482339862856053174e-03
4.085894104857519873e-03
-1.141165384045935653e-03
5.592497896754558290e-04
1.150194003250071002e-03
4.012491881952975903e-03
-6.710752638578627860e-03
2.153287433929985950e-03
1.841525733271612590e-03
3.135850911839508661e-04
3.896008669059162956e-03
-2.295941014107077179e-03
-5.473686466522830092e-03
-1.081678922633445101e-03
1.150659511512069086e-03
2.041690923660060414e-04
-1.397904652902459905e-04
1.592900809926289839e-03
1.308988771468396839e-03
3.955849180248985440e-04
-1.229774197554672592e-03
1.779306695433591819e-03
2.681078361232436692e-03
1.219056558768076125e-03
5.045900230434244467e-03
7.571622035934981790e-05
3.773033048023918031e-03
6.499968541548990070e-05
-2.157820076708814178e-03
2.595401964787148394e-03
-8.213750743647825090e-04
-3.797787194376020439e-03
1.392639093460427751e-03
1.110701908033670787e-03
2.305364131798983036e-03
-3.097590901052660762e-03
-3.777273056244724418e-03
-1.830929578073896063e-03
-1.678670692124743097e-03
-1.421368985495171473e-03
4.372348635510418129e-04
-9.039622638207509605e-04
1.074917100923686178e-03
-4.065589298302466591e-03
2.047843134477030352e-03
-1.228048602561611314e-03
-6.305254635186211345e-05
-9.627460873761681237e-05
-6.106186367869635354e-03
-6.383273364542103173e-03
1.770099980325713857e-03
2.522599892680563952e-03
-2.513022765756173487e-03
5.402007026502404774e-03
-1.875625231248100868e-03
3.587401573067534768e-04
5.743976472085386871e-03
9.367967376583140370e-04
-1.241101207688215030e-03
