0.5e6   0.6239226208188682  0.2441723807777153
0.6e6   0.739182713913049   0.33788566879033854
0.7e6   0.8178673534884073  0.4231392977758082
0.8e6   0.8684627529599571  0.4937027345284777
0.9e6   0.9045988177067155  0.5568177330077777
1e6     0.9289670975603712  0.6091122404499907
1.5e6   0.9751150605666907  0.7548694685881671
2.5e6   0.9947326836216059  0.8817731862070524
3.5e6   0.9982955346605847  0.9315355490330942
4.5e6   0.9997284966152074  0.9722797416440726
6e6     0.9998462320994095  0.97908893441831
10e6    0.9998961234639354  0.982790709967777
15e6    0.9999466484797301  0.9876458695921259
20e6    0.9999981533495598  0.997693532616831
