-7.706122448979592452e-07 1.132070207337920742e-02
-5.746938775510204504e-07 -1.083873023228197792e-02
-3.853061224489796226e-07 -4.567082539151649800e-02
-3.853061224489796226e-07 -4.065640638753743874e-02
-1.959183673469387947e-07 -8.094992743603920959e-02
-1.893877551020408279e-07 8.498130831703513965e-02
0.000000000000000000e+00 1.000000000000000222e+00
0.000000000000000000e+00 9.999999999999994449e-01
0.000000000000000000e+00 9.999999999999998890e-01
0.000000000000000000e+00 1.000000000000000222e+00
1.893877551020408279e-07 8.498130831703513965e-02
1.959183673469387947e-07 -8.094992743603920959e-02
3.853061224489796226e-07 -4.567082539151649800e-02
3.853061224489796226e-07 -4.065640638753743874e-02
5.746938775510204504e-07 -1.083873023228197792e-02
7.706122448979592452e-07 1.132070207337920742e-02
