-7.706122448979592452e-07 1.637926741410793488e-02
-6.731218112244898698e-07 1.445940262096441498e-02
-6.721843112244898258e-07 -3.118112590500776021e-02
-5.746938775510204504e-07 -1.197664858709063598e-02
-5.746938775510204504e-07 -1.305900856426431625e-02
-4.837340561224489890e-07 2.295365545851482669e-02
-4.827965561224490509e-07 -3.924075310975670694e-02
-4.762659438775510311e-07 1.865845081338794037e-02
-3.853061224489796755e-07 -6.128685514905365950e-02
-3.853061224489796226e-07 -4.329185423617207262e-02
-3.853061224489796226e-07 -9.228129937186252060e-03
-3.853061224489796226e-07 -3.391044969676685478e-02
-2.878156887755101943e-07 -6.171902927476693307e-02
-2.878156887755101943e-07 -7.419074633550028219e-02
-2.868781887755102562e-07 8.407053501105848925e-02
-2.868781887755102032e-07 4.515132003000475042e-02
-2.868781887755102032e-07 5.749955370549957728e-02
-1.959183673469388477e-07 -9.173837679138713286e-02
-1.959183673469387947e-07 -8.029149318034807525e-02
-1.893877551020408279e-07 8.687198179701455247e-02
-1.893877551020408014e-07 7.744382873533023348e-02
-1.893877551020407749e-07 7.765480347435278763e-02
-9.842793367346941935e-08 -2.383530905274209855e-01
-9.842793367346941935e-08 -6.851590533549052620e-02
-9.842793367346939288e-08 -2.745203434042680080e-01
-9.749043367346942833e-08 1.939261452341655978e-01
-9.749043367346940186e-08 1.782390335087507827e-01
-9.095982142857140850e-08 -6.851263424035235194e-02
0.000000000000000000e+00 1.000000000000000222e+00
0.000000000000000000e+00 1.000000000000000000e+00
0.000000000000000000e+00 1.000000000000000000e+00
0.000000000000000000e+00 1.000000000000000666e+00
0.000000000000000000e+00 1.000000000000000000e+00
0.000000000000000000e+00 1.000000000000000222e+00
0.000000000000000000e+00 1.000000000000000000e+00
0.000000000000000000e+00 1.000000000000000000e+00
9.095982142857140850e-08 -6.851263424035235194e-02
9.749043367346940186e-08 1.782390335087507827e-01
9.749043367346942833e-08 1.939261452341655978e-01
9.842793367346939288e-08 -2.745203434042680080e-01
9.842793367346941935e-08 -2.383530905274209855e-01
9.842793367346941935e-08 -6.851590533549052620e-02
1.893877551020407749e-07 7.765480347435278763e-02
1.893877551020408014e-07 7.744382873533023348e-02
1.893877551020408279e-07 8.687198179701455247e-02
1.959183673469387947e-07 -8.029149318034807525e-02
1.959183673469388477e-07 -9.173837679138713286e-02
2.868781887755102032e-07 4.515132003000475042e-02
2.868781887755102032e-07 5.749955370549957728e-02
2.868781887755102562e-07 8.407053501105848925e-02
2.878156887755101943e-07 -6.171902927476693307e-02
2.878156887755101943e-07 -7.419074633550028219e-02
3.853061224489796226e-07 -4.329185423617207262e-02
3.853061224489796226e-07 -9.228129937186252060e-03
3.853061224489796226e-07 -3.391044969676685478e-02
3.853061224489796755e-07 -6.128685514905365950e-02
4.762659438775510311e-07 1.865845081338794037e-02
4.827965561224490509e-07 -3.924075310975670694e-02
4.837340561224489890e-07 2.295365545851482669e-02
5.746938775510204504e-07 -1.197664858709063598e-02
5.746938775510204504e-07 -1.305900856426431625e-02
6.721843112244898258e-07 -3.118112590500776021e-02
6.731218112244898698e-07 1.445940262096441498e-02
7.706122448979592452e-07 1.637926741410793488e-02
