-2.786792452830188727e-06
-2.483018867924528126e-06
-2.423584905660377543e-06
-2.119811320754716942e-06
-2.119811320754716942e-06
-2.060377358490565937e-06
-1.756603773584905759e-06
-1.756603773584905547e-06
-1.756603773584905547e-06
-1.393396226415094363e-06
-1.393396226415094363e-06
-1.393396226415094363e-06
-1.393396226415094152e-06
-1.089622641509433762e-06
-1.030188679245283180e-06
-1.030188679245282968e-06
-1.030188679245282968e-06
-7.264150943396225787e-07
-7.264150943396225787e-07
-7.264150943396225787e-07
-6.669811320754717848e-07
-6.669811320754717848e-07
-3.632075471698113952e-07
-3.632075471698112893e-07
-3.632075471698112893e-07
-3.632075471698111835e-07
-3.632075471698111835e-07
-3.037735849056606013e-07
0.000000000000000000e+00
0.000000000000000000e+00
0.000000000000000000e+00
0.000000000000000000e+00
0.000000000000000000e+00
0.000000000000000000e+00
0.000000000000000000e+00
0.000000000000000000e+00
3.037735849056606013e-07
3.632075471698111835e-07
3.632075471698111835e-07
3.632075471698112893e-07
3.632075471698112893e-07
3.632075471698113952e-07
6.669811320754717848e-07
6.669811320754717848e-07
7.264150943396225787e-07
7.264150943396225787e-07
7.264150943396225787e-07
1.030188679245282968e-06
1.030188679245282968e-06
1.030188679245283180e-06
1.089622641509433762e-06
1.393396226415094152e-06
1.393396226415094363e-06
1.393396226415094363e-06
1.393396226415094363e-06
1.756603773584905547e-06
1.756603773584905547e-06
1.756603773584905759e-06
2.060377358490565937e-06
2.119811320754716942e-06
2.119811320754716942e-06
2.423584905660377543e-06
2.483018867924528126e-06
2.786792452830188727e-06
