2.875631306692208542e-03
-1.722654360936256256e-03
-2.579255237192872464e-03
-7.074991358966162226e-04
-3.234577752893297818e-04
-2.305170354091544329e-03
-3.674539482029016632e-03
1.956205575177962473e-03
1.003317367209510943e-03
-4.071220510428429952e-03
2.913847948220680585e-03
-2.656852980279331578e-03
-3.879709764211747118e-03
2.302873283370425201e-03
-1.279674926264255143e-02
-1.527318634528374887e-02
-7.558662602961449713e-03
3.109300461085595310e-02
4.117451867543592270e-02
3.626302008800860732e-02
-2.443311035267903622e-02
-4.762223626085929779e-02
1.789362340545904428e-01
1.717782008756145451e-01
1.345955250442435192e-01
1.369547222783805140e-01
1.319799077808271603e-01
-5.472477600656110164e-02
1.000000000000000222e+00
1.000000000000000000e+00
1.000000000000000000e+00
1.000000000000000000e+00
1.000000000000000000e+00
1.000000000000000000e+00
9.999999999999997780e-01
9.999999999999998890e-01
-5.472477600656110164e-02
1.369547222783805140e-01
1.319799077808271603e-01
1.717782008756145451e-01
1.345955250442435192e-01
1.789362340545904428e-01
-2.443311035267903622e-02
-4.762223626085929779e-02
3.109300461085595310e-02
4.117451867543592270e-02
3.626302008800860732e-02
-1.527318634528374887e-02
-7.558662602961449713e-03
-1.279674926264255143e-02
2.302873283370425201e-03
-3.879709764211747118e-03
-4.071220510428429952e-03
2.913847948220680585e-03
-2.656852980279331578e-03
1.956205575177962473e-03
1.003317367209510943e-03
-3.674539482029016632e-03
-2.305170354091544329e-03
-7.074991358966162226e-04
-3.234577752893297818e-04
-2.579255237192872464e-03
-1.722654360936256256e-03
2.875631306692208542e-03
