4.351130935544574030e-03
-4.126459506314205695e-03
3.860059791882339102e-03
1.152278257834339235e-03
9.936706552149900573e-05
1.110065176515925714e-04
-2.212502325147309989e-03
2.428180226653487914e-03
1.884578898668053852e-03
-3.011401649482268669e-03
1.703060972119291045e-03
2.329252738133452336e-03
-4.014827209999082686e-03
-1.940340297576420353e-03
-5.810706352425792877e-04
8.682305341876247334e-03
2.858561566034699495e-03
-4.197995653479380355e-03
1.517522000783782209e-03
3.984609381869229014e-03
-2.319293417950188830e-03
-3.335087850101062278e-04
2.776099584051577255e-03
-6.214019098364873851e-03
1.785996753093278475e-03
-1.419705809530455529e-03
3.241322016016527988e-03
4.394144655669457856e-04
8.871459260199569949e-04
-3.489750693611793665e-03
-1.839214348647877535e-03
-1.582007419733677360e-03
-8.410785721178216370e-04
1.529149357100744258e-04
6.685080381359303440e-04
2.851971574925104506e-03
3.883563314465775934e-03
2.122513270674106309e-03
2.641339173479105573e-03
3.046637534744606711e-03
1.381504949329081253e-03
1.991136513137207759e-03
6.952386781064650960e-03
2.356809189242510625e-03
-1.064447711003324928e-02
-1.278198155399725040e-02
-3.265010145662341611e-03
-2.250011259343522464e-03
-5.549973471273112260e-03
-1.187512979753014251e-02
3.549676541071246361e-02
3.038060359314787018e-02
3.131592007035417097e-02
5.999760721415082348e-02
5.414482887431457114e-02
5.037371008601037453e-02
5.023110172457788403e-02
4.772524443411248207e-02
2.693639544779506678e-02
-4.976139473174939765e-02
-3.401583846756833784e-02
-3.489242481529877815e-02
-3.960572861958326640e-02
-3.192768101171289397e-02
-7.117173403742858839e-02
-7.179409392399872802e-02
1.000000000000000222e+00
1.000000000000000000e+00
1.000000000000000000e+00
1.000000000000000000e+00
1.000000000000000000e+00
1.000000000000000000e+00
1.000000000000000000e+00
1.000000000000000000e+00
1.000000000000001332e+00
9.999999999999996669e-01
1.000000000000000444e+00
9.999999999999991118e-01
-7.179409392399872802e-02
-3.192768101171289397e-02
-7.117173403742858839e-02
-3.960572861958326640e-02
-3.401583846756833784e-02
-3.489242481529877815e-02
-4.976139473174939765e-02
5.023110172457788403e-02
4.772524443411248207e-02
2.693639544779506678e-02
5.414482887431457114e-02
5.037371008601037453e-02
3.038060359314787018e-02
3.131592007035417097e-02
5.999760721415082348e-02
3.549676541071246361e-02
-1.187512979753014251e-02
-2.250011259343522464e-03
-5.549973471273112260e-03
-3.265010145662341611e-03
-1.064447711003324928e-02
-1.278198155399725040e-02
2.356809189242510625e-03
3.046637534744606711e-03
1.381504949329081253e-03
1.991136513137207759e-03
6.952386781064650960e-03
2.641339173479105573e-03
2.122513270674106309e-03
1.529149357100744258e-04
6.685080381359303440e-04
2.851971574925104506e-03
3.883563314465775934e-03
-8.410785721178216370e-04
-1.839214348647877535e-03
-1.582007419733677360e-03
8.871459260199569949e-04
-3.489750693611793665e-03
4.394144655669457856e-04
1.785996753093278475e-03
-1.419705809530455529e-03
3.241322016016527988e-03
-3.335087850101062278e-04
2.776099584051577255e-03
-6.214019098364873851e-03
-2.319293417950188830e-03
3.984609381869229014e-03
1.517522000783782209e-03
-4.197995653479380355e-03
2.858561566034699495e-03
-5.810706352425792877e-04
8.682305341876247334e-03
-4.014827209999082686e-03
-1.940340297576420353e-03
2.329252738133452336e-03
-3.011401649482268669e-03
1.703060972119291045e-03
1.884578898668053852e-03
-2.212502325147309989e-03
2.428180226653487914e-03
1.110065176515925714e-04
9.936706552149900573e-05
3.860059791882339102e-03
1.152278257834339235e-03
-4.126459506314205695e-03
4.351130935544574030e-03
