1.282553136739160654e-03
1.375612746319018536e-03
-7.470457276345962398e-04
1.143432377372740260e-03
-2.135660460426972915e-04
-5.017048104858439720e-04
-1.050421276864822902e-03
2.618940779954234601e-03
1.718397702844507726e-04
1.584682536931774884e-03
-2.115241498200012404e-03
2.872690499049730586e-03
2.346761873607717684e-04
2.788389453696227347e-03
-1.680083431580792338e-03
6.185393888911592739e-03
1.682948947400007432e-04
2.420297542694747721e-03
-2.359390417323260856e-03
2.388624366359146361e-03
-1.300520793084531963e-03
-2.453208146830252508e-03
-2.453526994892583392e-03
-1.952199592440155042e-03
2.599200516828682576e-03
-3.286258836430144782e-04
-1.200264086298973758e-03
7.461888484696982057e-03
-1.465078613697693875e-03
-1.125676865746523883e-03
3.823108056159260377e-03
-9.937143202702965368e-04
-2.444622119512598630e-03
-1.394365983254685845e-03
-3.876935788045565625e-03
-7.082379571479834567e-03
2.487533689746161333e-03
3.666163199120120301e-04
8.094225868793323122e-04
-3.019455468066325598e-03
7.539605916532509181e-03
-5.571270094965976617e-03
1.107964925794192304e-03
-4.517942952619714392e-04
2.800025086023483949e-04
-2.430189053934872761e-03
3.150651406550223146e-03
5.787836316984129245e-03
3.456194322254278490e-03
1.070958366282245095e-03
-2.602219809897640072e-03
4.130703059379606593e-03
2.501480221054556106e-03
3.126722722858081734e-03
-1.588850586220611275e-03
-2.575320219461325714e-03
1.421524325313815781e-04
-4.439691137383371122e-03
-2.775422454956573762e-03
4.184822949958148103e-03
5.540163722854323132e-03
4.394786272988047450e-03
-1.665048172401107252e-04
2.159985750182194693e-03
1.308724160748141185e-03
5.891907345963662279e-04
1.563442065566834254e-03
1.066253063922229941e-05
-3.347069453174929699e-03
1.834158280206565645e-03
-2.390555712230485897e-03
-4.239267018759436834e-04
-1.616442759018796218e-03
3.144065010977650353e-03
4.854063538690196224e-03
4.087825345120287175e-03
5.455835772052287577e-03
-3.356052872702700463e-03
8.852594763299724296e-04
-3.437651235368269914e-03
7.515914564234511819e-03
-1.041213461039574390e-03
3.417289225803480952e-03
-6.508263793338135011e-03
1.246900807471571599e-03
-4.384538581429310079e-04
1.496874125104352910e-03
3.930246279137836196e-03
-2.261123986878006264e-03
4.709055642226513258e-04
-1.138406570391986908e-03
1.942620982912458176e-03
2.211549992334293016e-03
5.477175109169856674e-04
-1.847882963442694457e-03
8.335113468452111309e-05
4.218701883472644916e-03
3.136996979260417949e-04
-1.232093690628573504e-03
2.024485292793310343e-03
-1.334513084548393143e-04
2.705419033639457679e-03
1.457457701967358483e-03
-3.599562414866862813e-03
-3.267370216072491406e-03
9.439493777917060385e-04
-1.379092502498431919e-03
-1.809371017546158042e-03
1.966214518866164860e-03
7.321095894362119640e-04
3.543196318386376917e-03
-1.988937105515695657e-03
2.231014495801887740e-03
-3.154697860308759271e-03
-1.627598872805261941e-03
9.504937452579662960e-04
-4.015222531223171069e-03
4.694700157539819841e-04
1.773512584400413787e-03
-6.407434137381934867e-03
8.935798693556181241e-04
-4.382254292064948755e-04
4.651481551481949361e-03
-2.357614774749330726e-03
4.263355644310286470e-03
8.083217675107575925e-03
-3.794528958193357261e-03
-4.929506195887585832e-04
-4.626026326760152886e-03
5.105055844855844842e-03
4.096836063121115750e-05
1.558499944139251888e-03
-8.523031924839340884e-03
2.350695299460842276e-03
-7.430030595533098324e-03
4.492981370599299570e-03
1.569015820800198635e-03
-1.562290422971099516e-05
-8.793712337263764629e-04
1.381971714086867179e-03
1.899059470624221051e-03
4.862188648863692412e-04
1.513264846077801628e-03
-2.941260759838968774e-04
1.531426157765600942e-03
-1.238227469603085695e-04
-3.832143025215527677e-03
-6.201433282960773855e-03
1.650777823868554081e-03
1.625591258793995797e-03
-5.021361495641493353e-03
-4.089848660844546823e-04
1.013188737400297010e-03
-5.395266499774114578e-03
5.567054294842531566e-03
-1.869430458480223888e-03
-5.793964689710473601e-04
-3.039385613857558018e-03
-3.629063480686566152e-03
-1.971785946900068108e-03
6.653133925878251548e-05
-6.671628890038945950e-04
4.433277779020632081e-03
-3.386039924234943328e-04
7.894226688095542252e-05
-1.859637148011185478e-03
4.163231551833224825e-03
-2.172706403362154384e-03
1.244552430601759442e-03
1.105943786836621756e-03
-1.859269698977061977e-03
2.311501366594348721e-03
-6.001638600723168803e-04
1.205374354881318935e-03
-1.211053698618405009e-03
3.237343356252213658e-03
2.877645079102839152e-03
4.378681545195950930e-04
1.289175486177411957e-03
-4.423632259871962749e-03
5.154983901503976639e-03
6.825737000355801450e-03
1.268800568197324364e-04
-1.735342046814028960e-03
2.440593526249146706e-03
-6.790325463108023551e-04
-1.290687388596316852e-04
-1.863728275282944486e-03
-6.150471463779539315e-03
-3.007078376046324122e-03
4.746949146031965473e-03
-1.313373942730014119e-03
-1.030466978400299861e-04
5.453692725383781255e-04
-2.221558038029615694e-03
-4.325179951856342186e-03
-5.150286988800877562e-04
1.265340548873437150e-03
2.225841717966786822e-03
5.944125878727567680e-04
-4.436907693398127461e-03
-4.298862951001757027e-03
-1.711528739774114067e-03
3.466823318390251183e-03
-2.299100512931935309e-03
-8.147063774690682658e-04
-2.670056244383948486e-03
3.980522898486786934e-03
2.996371789511413555e-03
2.318465487441610535e-03
6.765109951385100745e-04
-1.004746903290066815e-03
-2.373448232286779445e-03
-5.431578848324364155e-03
2.210770749421672211e-03
8.920457270233618161e-04
-4.701282707800910398e-05
2.179273455405581969e-03
-1.509786448056908573e-03
4.138226301088776364e-03
-7.784231866932071232e-03
-1.114198646133739883e-03
-4.108030294270813808e-03
-5.290479193758516885e-03
-2.200625511246334653e-03
4.016338098904284441e-03
1.466392630441206357e-03
-3.627412782431528419e-03
-1.308345160884585639e-03
7.144265181022956511e-03
-8.621926592196995677e-04
3.060706593046002774e-03
2.521779880775158571e-03
-1.444565018476168380e-03
-8.102441966839790677e-03
3.606489648857380634e-03
-2.525593189363850577e-03
-6.032152828398796435e-03
1.427622318672025535e-03
3.301363276231822005e-03
3.655167625788908938e-03
-3.545164994602010514e-03
-2.978553238898728160e-03
2.003284808325351239e-03
-1.569721094009791538e-03
-4.792749349811346350e-03
3.968936518414655987e-03
1.351944806497804409e-03
2.255150775725532023e-03
-3.283455820995212688e-04
-5.580227626720070909e-03
-7.181147770892438130e-03
1.196172161458028058e-03
1.900068397929118892e-03
-8.463317556027861489e-04
-3.838812277411487919e-03
-1.413561409179448164e-03
6.294165288335358197e-03
8.976595031424334029e-03
7.198888713703912451e-03
7.764749968200298190e-03
7.247116663004203249e-03
-5.511215847508444537e-02
-6.823134676773885687e-02
-5.308104915073207086e-02
-6.492639184634101113e-02
-6.030511566130176970e-02
-7.623750279708327304e-02
-5.476212419619884419e-02
-8.512035700541335792e-02
-6.081834608950890259e-02
-6.302463982061731751e-02
-7.620748602301478936e-02
-7.301163741916359695e-02
-7.307042128586969942e-02
-7.812344317737360266e-02
9.999999999999998890e-01
1.000000000000000444e+00
1.000000000000000000e+00
1.000000000000000000e+00
1.000000000000000666e+00
1.000000000000000000e+00
1.000000000000000000e+00
1.000000000000001332e+00
1.000000000000000000e+00
1.000000000000000222e+00
1.000000000000000000e+00
1.000000000000000222e+00
9.999999999999998890e-01
9.999999999999993339e-01
1.000000000000000000e+00
1.000000000000000000e+00
1.000000000000000444e+00
1.000000000000000000e+00
1.000000000000000000e+00
1.000000000000000222e+00
1.000000000000000000e+00
1.000000000000000222e+00
9.999999999999996669e-01
1.000000000000000000e+00
-7.812344317737360266e-02
-7.307042128586969942e-02
-7.301163741916359695e-02
-7.620748602301478936e-02
-6.081834608950890259e-02
-6.302463982061731751e-02
-5.511215847508444537e-02
-6.823134676773885687e-02
-5.308104915073207086e-02
-6.492639184634101113e-02
-6.030511566130176970e-02
-7.623750279708327304e-02
-5.476212419619884419e-02
-8.512035700541335792e-02
7.247116663004203249e-03
7.198888713703912451e-03
7.764749968200298190e-03
6.294165288335358197e-03
8.976595031424334029e-03
-1.413561409179448164e-03
-7.181147770892438130e-03
1.196172161458028058e-03
1.900068397929118892e-03
-8.463317556027861489e-04
-3.838812277411487919e-03
-5.580227626720070909e-03
-3.283455820995212688e-04
-4.792749349811346350e-03
3.968936518414655987e-03
1.351944806497804409e-03
2.255150775725532023e-03
-2.978553238898728160e-03
2.003284808325351239e-03
-1.569721094009791538e-03
-8.102441966839790677e-03
3.606489648857380634e-03
-2.525593189363850577e-03
-6.032152828398796435e-03
1.427622318672025535e-03
3.301363276231822005e-03
3.655167625788908938e-03
-3.545164994602010514e-03
-1.444565018476168380e-03
-3.627412782431528419e-03
-1.308345160884585639e-03
7.144265181022956511e-03
-8.621926592196995677e-04
3.060706593046002774e-03
2.521779880775158571e-03
-5.290479193758516885e-03
-2.200625511246334653e-03
4.016338098904284441e-03
1.466392630441206357e-03
-1.114198646133739883e-03
-4.108030294270813808e-03
8.920457270233618161e-04
-4.701282707800910398e-05
2.179273455405581969e-03
-1.509786448056908573e-03
4.138226301088776364e-03
-7.784231866932071232e-03
2.210770749421672211e-03
2.318465487441610535e-03
6.765109951385100745e-04
-1.004746903290066815e-03
-2.373448232286779445e-03
-5.431578848324364155e-03
3.980522898486786934e-03
2.996371789511413555e-03
-8.147063774690682658e-04
-2.670056244383948486e-03
3.466823318390251183e-03
-2.299100512931935309e-03
-4.298862951001757027e-03
-1.711528739774114067e-03
-4.436907693398127461e-03
5.944125878727567680e-04
1.265340548873437150e-03
2.225841717966786822e-03
4.746949146031965473e-03
-1.313373942730014119e-03
-1.030466978400299861e-04
5.453692725383781255e-04
-2.221558038029615694e-03
-4.325179951856342186e-03
-5.150286988800877562e-04
-3.007078376046324122e-03
-1.735342046814028960e-03
2.440593526249146706e-03
-6.790325463108023551e-04
-1.290687388596316852e-04
-1.863728275282944486e-03
-6.150471463779539315e-03
-4.423632259871962749e-03
5.154983901503976639e-03
6.825737000355801450e-03
1.268800568197324364e-04
-1.211053698618405009e-03
3.237343356252213658e-03
2.877645079102839152e-03
4.378681545195950930e-04
1.289175486177411957e-03
1.205374354881318935e-03
7.894226688095542252e-05
-1.859637148011185478e-03
4.163231551833224825e-03
-2.172706403362154384e-03
1.244552430601759442e-03
1.105943786836621756e-03
-1.859269698977061977e-03
2.311501366594348721e-03
-6.001638600723168803e-04
-6.671628890038945950e-04
4.433277779020632081e-03
-3.386039924234943328e-04
-1.971785946900068108e-03
6.653133925878251548e-05
-3.629063480686566152e-03
-3.039385613857558018e-03
-4.089848660844546823e-04
1.013188737400297010e-03
-5.395266499774114578e-03
5.567054294842531566e-03
-1.869430458480223888e-03
-5.793964689710473601e-04
-5.021361495641493353e-03
1.650777823868554081e-03
1.625591258793995797e-03
-6.201433282960773855e-03
1.899059470624221051e-03
4.862188648863692412e-04
1.513264846077801628e-03
-2.941260759838968774e-04
1.531426157765600942e-03
-1.238227469603085695e-04
-3.832143025215527677e-03
-8.793712337263764629e-04
1.381971714086867179e-03
1.569015820800198635e-03
-1.562290422971099516e-05
4.263355644310286470e-03
8.083217675107575925e-03
-3.794528958193357261e-03
-4.929506195887585832e-04
-4.626026326760152886e-03
5.105055844855844842e-03
4.096836063121115750e-05
1.558499944139251888e-03
-8.523031924839340884e-03
2.350695299460842276e-03
-7.430030595533098324e-03
4.492981370599299570e-03
-2.357614774749330726e-03
8.935798693556181241e-04
-4.382254292064948755e-04
4.651481551481949361e-03
-3.154697860308759271e-03
-1.627598872805261941e-03
9.504937452579662960e-04
-4.015222531223171069e-03
4.694700157539819841e-04
1.773512584400413787e-03
-6.407434137381934867e-03
2.231014495801887740e-03
7.321095894362119640e-04
3.543196318386376917e-03
-1.988937105515695657e-03
-1.809371017546158042e-03
1.966214518866164860e-03
-3.599562414866862813e-03
-3.267370216072491406e-03
9.439493777917060385e-04
-1.379092502498431919e-03
2.705419033639457679e-03
1.457457701967358483e-03
8.335113468452111309e-05
4.218701883472644916e-03
3.136996979260417949e-04
-1.232093690628573504e-03
2.024485292793310343e-03
-1.334513084548393143e-04
-1.847882963442694457e-03
3.930246279137836196e-03
-2.261123986878006264e-03
4.709055642226513258e-04
-1.138406570391986908e-03
1.942620982912458176e-03
2.211549992334293016e-03
5.477175109169856674e-04
-1.041213461039574390e-03
3.417289225803480952e-03
-6.508263793338135011e-03
1.246900807471571599e-03
-4.384538581429310079e-04
1.496874125104352910e-03
7.515914564234511819e-03
4.087825345120287175e-03
5.455835772052287577e-03
-3.356052872702700463e-03
8.852594763299724296e-04
-3.437651235368269914e-03
3.144065010977650353e-03
4.854063538690196224e-03
-1.616442759018796218e-03
-2.390555712230485897e-03
-4.239267018759436834e-04
-3.347069453174929699e-03
1.834158280206565645e-03
1.563442065566834254e-03
1.066253063922229941e-05
4.394786272988047450e-03
-1.665048172401107252e-04
2.159985750182194693e-03
1.308724160748141185e-03
5.891907345963662279e-04
-2.775422454956573762e-03
4.184822949958148103e-03
5.540163722854323132e-03
1.421524325313815781e-04
-4.439691137383371122e-03
4.130703059379606593e-03
2.501480221054556106e-03
3.126722722858081734e-03
-1.588850586220611275e-03
-2.575320219461325714e-03
3.456194322254278490e-03
1.070958366282245095e-03
-2.602219809897640072e-03
3.150651406550223146e-03
5.787836316984129245e-03
2.800025086023483949e-04
-2.430189053934872761e-03
-4.517942952619714392e-04
1.107964925794192304e-03
-3.019455468066325598e-03
7.539605916532509181e-03
-5.571270094965976617e-03
8.094225868793323122e-04
-9.937143202702965368e-04
-2.444622119512598630e-03
-1.394365983254685845e-03
-3.876935788045565625e-03
-7.082379571479834567e-03
2.487533689746161333e-03
3.666163199120120301e-04
3.823108056159260377e-03
-3.286258836430144782e-04
-1.200264086298973758e-03
7.461888484696982057e-03
-1.465078613697693875e-03
-1.125676865746523883e-03
2.599200516828682576e-03
-2.453526994892583392e-03
-1.952199592440155042e-03
-2.453208146830252508e-03
-1.300520793084531963e-03
-2.359390417323260856e-03
2.388624366359146361e-03
-1.680083431580792338e-03
6.185393888911592739e-03
1.682948947400007432e-04
2.420297542694747721e-03
2.788389453696227347e-03
2.872690499049730586e-03
2.346761873607717684e-04
-2.115241498200012404e-03
1.584682536931774884e-03
1.718397702844507726e-04
-1.050421276864822902e-03
2.618940779954234601e-03
-5.017048104858439720e-04
1.143432377372740260e-03
-2.135660460426972915e-04
-7.470457276345962398e-04
1.375612746319018536e-03
1.282553136739160654e-03
